5.340416954181632647e-01,4.427038510534938354e+00
6.397135139705030227e-01,2.953027431879384768e+00
7.266261127725839319e-01,1.748199258784121968e+00
7.920581409151593588e-01,8.433082422481066320e-01
8.287412961830802338e-01,0.000000000000000000e+00
8.396924317346992073e-01,0.000000000000000000e+00
8.410758586174015283e-01,0.000000000000000000e+00
8.390329378039904640e-01,0.000000000000000000e+00
8.341559210433397986e-01,0.000000000000000000e+00
8.329096326450630139e-01,0.000000000000000000e+00
8.284256718036306921e-01,0.000000000000000000e+00
8.235682391872976016e-01,4.037145131991162761e-01
8.354945488323441971e-01,0.000000000000000000e+00
8.373928193439916789e-01,0.000000000000000000e+00
8.343404086032585321e-01,0.000000000000000000e+00
8.328586267831663559e-01,0.000000000000000000e+00
8.321408763522222252e-01,0.000000000000000000e+00
8.317937786668240241e-01,0.000000000000000000e+00
8.316261616620702624e-01,0.000000000000000000e+00
8.315453263639304149e-01,0.000000000000000000e+00
8.315063956110430032e-01,0.000000000000000000e+00
8.314876730445515118e-01,0.000000000000000000e+00
8.314786826637194928e-01,0.000000000000000000e+00
8.314743726306041971e-01,0.000000000000000000e+00
8.314723100359355801e-01,0.000000000000000000e+00
8.314713248689646896e-01,0.000000000000000000e+00
8.314708553098915100e-01,0.000000000000000000e+00
8.314706320220889291e-01,0.000000000000000000e+00
8.314705261138084502e-01,0.000000000000000000e+00
8.354605443036461354e-01,0.000000000000000000e+00
8.490534625009961145e-01,0.000000000000000000e+00
8.366372945078894841e-01,0.000000000000000000e+00
8.308438554272115084e-01,0.000000000000000000e+00
8.281753572637319261e-01,0.000000000000000000e+00
8.269597158352759436e-01,0.000000000000000000e+00
8.225349358062101768e-01,4.157034419684469961e-01
8.343862437957910716e-01,0.000000000000000000e+00
8.348436807343423416e-01,0.000000000000000000e+00
8.392950359585991116e-01,0.000000000000000000e+00
8.414926601328032163e-01,0.000000000000000000e+00
8.425792217217111801e-01,0.000000000000000000e+00
8.417667634527493670e-01,0.000000000000000000e+00
8.456332412100199258e-01,0.000000000000000000e+00
8.475402983408759638e-01,0.000000000000000000e+00
8.507512756543216259e-01,0.000000000000000000e+00
8.523463790500450665e-01,0.000000000000000000e+00
8.512276210529411413e-01,0.000000000000000000e+00
8.462640636344415102e-01,0.000000000000000000e+00
8.437943493734483269e-01,0.000000000000000000e+00
8.395375199037437008e-01,0.000000000000000000e+00
8.373961587051702571e-01,0.000000000000000000e+00
8.377554939982169158e-01,0.000000000000000000e+00
8.333152237473495649e-01,0.000000000000000000e+00
8.279297212202713085e-01,0.000000000000000000e+00
8.252305870397707022e-01,0.000000000000000000e+00
8.190691294284846435e-01,-4.621277511629833801e-01
8.372748323037272344e-01,0.000000000000000000e+00
8.417813237709820262e-01,0.000000000000000000e+00
8.440269680917139583e-01,0.000000000000000000e+00
8.451477313463650054e-01,0.000000000000000000e+00
8.444044220149672375e-01,0.000000000000000000e+00
8.483495187746165067e-01,0.000000000000000000e+00
8.502978147102085993e-01,0.000000000000000000e+00
8.496051491821328128e-01,0.000000000000000000e+00
8.471540880516738037e-01,0.000000000000000000e+00
8.459606584214224290e-01,0.000000000000000000e+00
8.453805806647768373e-01,0.000000000000000000e+00
8.450989913105737550e-01,0.000000000000000000e+00
8.421740167663394061e-01,0.000000000000000000e+00
8.439703339795054937e-01,0.000000000000000000e+00
8.420078434247988408e-01,0.000000000000000000e+00
8.408129294199300219e-01,0.000000000000000000e+00
8.401091414572900984e-01,0.000000000000000000e+00
8.397042815402343541e-01,0.000000000000000000e+00
8.394754523223388887e-01,0.000000000000000000e+00
8.393478746528859613e-01,0.000000000000000000e+00
8.392775208033581569e-01,0.000000000000000000e+00
8.392390690405532316e-01,0.000000000000000000e+00
8.392182093818512101e-01,0.000000000000000000e+00
8.392069644222639457e-01,0.000000000000000000e+00
8.392009352364977470e-01,0.000000000000000000e+00
8.391977177137439625e-01,0.000000000000000000e+00
8.364423895181829494e-01,0.000000000000000000e+00
8.350475988060732657e-01,0.000000000000000000e+00
8.343422880669358888e-01,0.000000000000000000e+00
8.352032621013003588e-01,0.000000000000000000e+00
8.355564901411904888e-01,0.000000000000000000e+00
8.317627578690823809e-01,0.000000000000000000e+00
8.299011046085164045e-01,0.000000000000000000e+00
8.251094872086064402e-01,0.000000000000000000e+00
8.227728672719261116e-01,4.127011374796693000e-01
8.343724580539226832e-01,0.000000000000000000e+00
8.361249634454993584e-01,0.000000000000000000e+00
8.370213615648378624e-01,0.000000000000000000e+00
8.416379069127739587e-01,0.000000000000000000e+00
8.424391871085838979e-01,0.000000000000000000e+00
8.427286506257765097e-01,0.000000000000000000e+00
8.472364172452462316e-01,0.000000000000000000e+00
8.495037070601973994e-01,0.000000000000000000e+00
8.500865494026279556e-01,0.000000000000000000e+00
8.488084599162379895e-01,0.000000000000000000e+00
8.481216152968211741e-01,0.000000000000000000e+00
8.433983865263683377e-01,0.000000000000000000e+00
8.424814665780369083e-01,0.000000000000000000e+00
8.375078287306085834e-01,0.000000000000000000e+00
8.350508367891434913e-01,0.000000000000000000e+00
8.306974442635330913e-01,0.000000000000000000e+00
8.316610904984271802e-01,0.000000000000000000e+00
8.335952272356651482e-01,0.000000000000000000e+00
8.344885883653540004e-01,0.000000000000000000e+00
8.303178997999964839e-01,0.000000000000000000e+00
8.282738547056668343e-01,0.000000000000000000e+00
8.272741664463023614e-01,0.000000000000000000e+00
8.267858852163622041e-01,0.000000000000000000e+00
8.265476179571347171e-01,0.000000000000000000e+00
8.279082897835565724e-01,0.000000000000000000e+00
8.285117659971402704e-01,0.000000000000000000e+00
8.240777982031348703e-01,0.000000000000000000e+00
8.219017551117390186e-01,-4.233888261336556935e-01
8.352328515192374292e-01,0.000000000000000000e+00
