5.000000000000000278e-02,-1.000000000000000000e+01
1.546559230716056110e-01,-1.000000000000000000e+01
3.641436968526398088e-01,-7.230169924290742678e+00
6.253090128307460249e-01,-4.770301773562710679e+00
7.242833697387650593e-01,-3.112910118461166498e+00
7.836892379962914212e-01,-1.899797669214901896e+00
8.164253981447179287e-01,-9.711107984094690115e-01
8.324190969145741636e-01,0.000000000000000000e+00
8.453410740949189872e-01,5.434670494426708798e-01
7.489395683677696480e-01,1.248054573217810548e+00
7.324410951439424000e-01,1.997635174071849207e+00
6.734137817292040751e-01,2.495269328977621548e+00
6.417514666303796300e-01,2.810195339268142245e+00
6.324891823501970212e-01,2.941908607680352894e+00
6.384261280995797705e-01,2.914169838821767389e+00
6.298760404687647751e-01,3.105502526087903004e+00
6.708857477758418675e-01,2.543028252215835838e+00
7.209539835444354061e-01,1.842606928222988660e+00
7.650954621942597234e-01,1.224530402021999143e+00
7.977485225759761711e-01,7.671319943138922293e-01
8.202342632298043057e-01,4.518330762964152814e-01
8.351984168827946142e-01,0.000000000000000000e+00
8.353816351382272742e-01,0.000000000000000000e+00
8.317401346827564268e-01,0.000000000000000000e+00
8.273130786143217952e-01,0.000000000000000000e+00
8.224815985591924505e-01,4.201471530022511391e-01
8.314151125218216531e-01,0.000000000000000000e+00
8.278659882933648850e-01,0.000000000000000000e+00
8.261377112922227983e-01,0.000000000000000000e+00
8.226450982826770675e-01,4.171004311653118135e-01
8.344146282233220191e-01,0.000000000000000000e+00
8.361447712339266092e-01,0.000000000000000000e+00
8.382127019954095370e-01,0.000000000000000000e+00
8.352275549704413216e-01,0.000000000000000000e+00
8.310513384037833129e-01,0.000000000000000000e+00
8.289552383294305216e-01,0.000000000000000000e+00
8.240616618080844891e-01,0.000000000000000000e+00
8.216642088734047444e-01,4.286230233495400554e-01
8.335608970556158681e-01,0.000000000000000000e+00
8.352708206362511323e-01,0.000000000000000000e+00
8.361314688536116702e-01,0.000000000000000000e+00
8.365648786472236198e-01,0.000000000000000000e+00
8.367831882683789413e-01,0.000000000000000000e+00
8.396895617426334280e-01,0.000000000000000000e+00
8.411579796591377445e-01,0.000000000000000000e+00
8.414038873854051692e-01,0.000000000000000000e+00
8.419634136738801677e-01,0.000000000000000000e+00
8.422775515956476555e-01,0.000000000000000000e+00
8.466163307210430311e-01,0.000000000000000000e+00
8.487280026738208694e-01,0.000000000000000000e+00
8.484327990235003281e-01,0.000000000000000000e+00
8.524380669867597238e-01,0.000000000000000000e+00
8.504064139500177033e-01,0.000000000000000000e+00
8.507453747973421354e-01,0.000000000000000000e+00
8.465559962059883148e-01,0.000000000000000000e+00
8.444820691910452926e-01,0.000000000000000000e+00
8.434571523598013432e-01,0.000000000000000000e+00
8.210020776766214778e-01,-4.311724869682564965e-01
8.466949397056862114e-01,0.000000000000000000e+00
8.514532853776130006e-01,0.000000000000000000e+00
8.443751876007150603e-01,0.000000000000000000e+00
8.421692869061915276e-01,0.000000000000000000e+00
8.371359579984555266e-01,0.000000000000000000e+00
8.346730319901178863e-01,0.000000000000000000e+00
8.334709171594905097e-01,0.000000000000000000e+00
8.289971175943560144e-01,0.000000000000000000e+00
8.280051592098324198e-01,0.000000000000000000e+00
8.236231400037650197e-01,4.016877151196829310e-01
8.341856346883180784e-01,0.000000000000000000e+00
8.355396442298977933e-01,0.000000000000000000e+00
8.362442486219744398e-01,0.000000000000000000e+00
8.403823842176089132e-01,0.000000000000000000e+00
8.426921403452182213e-01,0.000000000000000000e+00
8.438418208119345953e-01,0.000000000000000000e+00
8.444145378154406245e-01,0.000000000000000000e+00
8.488687931840815937e-01,0.000000000000000000e+00
8.497102735969636056e-01,0.000000000000000000e+00
8.501765465572591607e-01,0.000000000000000000e+00
8.504324918429566615e-01,0.000000000000000000e+00
8.515419876752395867e-01,0.000000000000000000e+00
8.456894561499573859e-01,0.000000000000000000e+00
8.428007443583974689e-01,0.000000000000000000e+00
8.413785031805733894e-01,0.000000000000000000e+00
8.450212501643041829e-01,0.000000000000000000e+00
8.454339996303885663e-01,0.000000000000000000e+00
8.470365102949259928e-01,0.000000000000000000e+00
8.477847356234152754e-01,0.000000000000000000e+00
8.481326617800435397e-01,0.000000000000000000e+00
8.482936060674191037e-01,0.000000000000000000e+00
8.483675858296220174e-01,0.000000000000000000e+00
8.440765250531668817e-01,0.000000000000000000e+00
8.419833255288723395e-01,0.000000000000000000e+00
8.409647926834638021e-01,0.000000000000000000e+00
8.418496594332429694e-01,0.000000000000000000e+00
8.422228667787473588e-01,0.000000000000000000e+00
8.423750236959780535e-01,0.000000000000000000e+00
8.426733332949982724e-01,0.000000000000000000e+00
8.426054518588922404e-01,0.000000000000000000e+00
8.425517315294008824e-01,0.000000000000000000e+00
8.380837023544245312e-01,0.000000000000000000e+00
8.358993877602560740e-01,0.000000000000000000e+00
8.362467339211926420e-01,0.000000000000000000e+00
8.318150715255085981e-01,0.000000000000000000e+00
8.296247298624327415e-01,0.000000000000000000e+00
8.299918123574130391e-01,0.000000000000000000e+00
8.254484401039599017e-01,0.000000000000000000e+00
8.232000993470280914e-01,-4.047417145807181149e-01
8.363685302123442522e-01,0.000000000000000000e+00
8.389780957270676076e-01,0.000000000000000000e+00
8.420103138256234132e-01,0.000000000000000000e+00
8.449073746579839339e-01,0.000000000000000000e+00
8.463293993230887047e-01,0.000000000000000000e+00
8.512099741993105484e-01,0.000000000000000000e+00
8.523321006207678074e-01,0.000000000000000000e+00
8.479571179349891796e-01,0.000000000000000000e+00
8.456809523957387054e-01,0.000000000000000000e+00
8.445626364766931626e-01,0.000000000000000000e+00
8.452251241361550260e-01,0.000000000000000000e+00
8.415018501213060720e-01,0.000000000000000000e+00
8.396625872711946936e-01,0.000000000000000000e+00
8.387554317980183693e-01,0.000000000000000000e+00
8.343758863960315519e-01,0.000000000000000000e+00
8.378444765951192919e-01,0.000000000000000000e+00
8.356908327723551189e-01,0.000000000000000000e+00
8.343107180012420132e-01,0.000000000000000000e+00
8.295817055428883480e-01,0.000000000000000000e+00
8.271945440712724640e-01,0.000000000000000000e+00
8.271785470979743371e-01,0.000000000000000000e+00
8.270924471926590638e-01,0.000000000000000000e+00
8.270105090926122005e-01,0.000000000000000000e+00
8.269501637468378297e-01,0.000000000000000000e+00
8.269103341941231866e-01,0.000000000000000000e+00
8.268856060678952957e-01,0.000000000000000000e+00
8.268708427445203846e-01,0.000000000000000000e+00
8.280432980094385442e-01,0.000000000000000000e+00
8.247004420450604334e-01,0.000000000000000000e+00
8.192492377526536806e-01,4.618501669373937246e-01
8.327081742027264699e-01,0.000000000000000000e+00
8.348560817053306549e-01,0.000000000000000000e+00
8.359297105756682278e-01,0.000000000000000000e+00
8.364667562439156434e-01,0.000000000000000000e+00
8.367354936188289294e-01,0.000000000000000000e+00
8.355622257170811640e-01,0.000000000000000000e+00
8.350493978940121131e-01,0.000000000000000000e+00
8.389392759319120874e-01,0.000000000000000000e+00
8.408401692521795256e-01,0.000000000000000000e+00
8.417700411724859944e-01,0.000000000000000000e+00
8.422250381055420565e-01,0.000000000000000000e+00
8.405785186759444638e-01,0.000000000000000000e+00
8.403050435965342402e-01,0.000000000000000000e+00
8.443993457104853606e-01,0.000000000000000000e+00
8.464183485858978173e-01,0.000000000000000000e+00
8.516343374233835695e-01,0.000000000000000000e+00
8.521718762493912802e-01,0.000000000000000000e+00
8.515331426887997601e-01,0.000000000000000000e+00
8.469048516025144968e-01,0.000000000000000000e+00
8.505531341824300595e-01,0.000000000000000000e+00
8.496074069224445191e-01,0.000000000000000000e+00
8.428391554175018729e-01,0.000000000000000000e+00
8.303343882075566729e-01,0.000000000000000000e+00
8.334348869354855083e-01,0.000000000000000000e+00
8.349365195129132555e-01,0.000000000000000000e+00
8.356639927202964557e-01,0.000000000000000000e+00
8.360162891425575449e-01,0.000000000000000000e+00
8.361867728387637477e-01,0.000000000000000000e+00
8.362691959383333762e-01,0.000000000000000000e+00
8.377196906878443539e-01,0.000000000000000000e+00
8.383664204591931846e-01,0.000000000000000000e+00
8.386508801336303165e-01,0.000000000000000000e+00
8.387737398909516084e-01,0.000000000000000000e+00
8.388255056065095916e-01,0.000000000000000000e+00
8.388465624697287737e-01,0.000000000000000000e+00
8.357871626818119681e-01,0.000000000000000000e+00
8.352900465746573300e-01,0.000000000000000000e+00
8.341200719589491053e-01,0.000000000000000000e+00
8.288482882326988488e-01,0.000000000000000000e+00
8.262322870955003395e-01,0.000000000000000000e+00
8.249367650671541874e-01,0.000000000000000000e+00
8.242958552708554709e-01,0.000000000000000000e+00
8.207168233480324204e-01,-4.389973076856344969e-01
8.323412311868326752e-01,0.000000000000000000e+00
8.338533626019696277e-01,0.000000000000000000e+00
8.390122445728049883e-01,0.000000000000000000e+00
8.371627397396596004e-01,0.000000000000000000e+00
8.362691848888254009e-01,0.000000000000000000e+00
8.358384029952002914e-01,0.000000000000000000e+00
8.373850183429891736e-01,0.000000000000000000e+00
8.438550644190105920e-01,0.000000000000000000e+00
8.469929479251948612e-01,0.000000000000000000e+00
8.472401308022632360e-01,0.000000000000000000e+00
8.474172896110812037e-01,0.000000000000000000e+00
8.517119592789124116e-01,0.000000000000000000e+00
8.471189240783881802e-01,0.000000000000000000e+00
8.441509639168252033e-01,0.000000000000000000e+00
8.439251525820180566e-01,0.000000000000000000e+00
8.437588205782882156e-01,0.000000000000000000e+00
8.436490290729142805e-01,0.000000000000000000e+00
8.396018219764757040e-01,0.000000000000000000e+00
8.376266972103886266e-01,0.000000000000000000e+00
8.420098413522542069e-01,0.000000000000000000e+00
8.405306155957139591e-01,0.000000000000000000e+00
8.394954182508479468e-01,0.000000000000000000e+00
8.388308835073330361e-01,0.000000000000000000e+00
8.344921654428282265e-01,0.000000000000000000e+00
8.323401370029046564e-01,0.000000000000000000e+00
8.312745181167785491e-01,0.000000000000000000e+00
8.307473219427409239e-01,0.000000000000000000e+00
8.304866281290661512e-01,0.000000000000000000e+00
8.264712186645374326e-01,0.000000000000000000e+00
8.296147840750088820e-01,0.000000000000000000e+00
8.286727865822228756e-01,0.000000000000000000e+00
8.307056181660752436e-01,0.000000000000000000e+00
8.289081208392824474e-01,0.000000000000000000e+00
8.279440571052182340e-01,0.000000000000000000e+00
8.235842905549307646e-01,4.022305170336398783e-01
8.314105877301553038e-01,0.000000000000000000e+00
8.313761491598479214e-01,0.000000000000000000e+00
8.354439594131204405e-01,0.000000000000000000e+00
8.374243174619584451e-01,0.000000000000000000e+00
8.370886487848016033e-01,0.000000000000000000e+00
8.369836803538301950e-01,0.000000000000000000e+00
8.369626947659005722e-01,0.000000000000000000e+00
8.369679663222682198e-01,0.000000000000000000e+00
8.369784883513876617e-01,0.000000000000000000e+00
8.366049825980180765e-01,0.000000000000000000e+00
8.408679008670083554e-01,0.000000000000000000e+00
8.429602926327848245e-01,0.000000000000000000e+00
8.426762855299230193e-01,0.000000000000000000e+00
8.426012662587084590e-01,0.000000000000000000e+00
8.467609121207289036e-01,0.000000000000000000e+00
8.487918872555365590e-01,0.000000000000000000e+00
8.484606693522744880e-01,0.000000000000000000e+00
8.524262843243447518e-01,0.000000000000000000e+00
8.504015329331497952e-01,0.000000000000000000e+00
8.450816216445158346e-01,0.000000000000000000e+00
8.438542041731738053e-01,0.000000000000000000e+00
8.342138156741996102e-01,0.000000000000000000e+00
8.357214320203862901e-01,0.000000000000000000e+00
8.422949787017953716e-01,0.000000000000000000e+00
8.454659469343708267e-01,0.000000000000000000e+00
8.469979712704965857e-01,0.000000000000000000e+00
8.490834628948117357e-01,0.000000000000000000e+00
8.457414818575710314e-01,0.000000000000000000e+00
8.440838528619627468e-01,0.000000000000000000e+00
8.432627632842133458e-01,0.000000000000000000e+00
8.428563369302327635e-01,0.000000000000000000e+00
8.426552454966929062e-01,0.000000000000000000e+00
8.425557758608832604e-01,0.000000000000000000e+00
8.425065827549195197e-01,0.000000000000000000e+00
8.438588373783366681e-01,0.000000000000000000e+00
8.406601096920124361e-01,0.000000000000000000e+00
8.385576859988479459e-01,0.000000000000000000e+00
8.374786895105597040e-01,0.000000000000000000e+00
8.369256429104915407e-01,0.000000000000000000e+00
8.321015217056040303e-01,0.000000000000000000e+00
8.297408513275741360e-01,0.000000000000000000e+00
8.300360098004710974e-01,0.000000000000000000e+00
8.254638248575785209e-01,0.000000000000000000e+00
8.278735950033593305e-01,0.000000000000000000e+00
8.210764727933397289e-01,-4.336979276607044742e-01
8.356437774353653314e-01,0.000000000000000000e+00
8.386402483677469766e-01,0.000000000000000000e+00
8.153597560941782119e-01,-5.016644984325341339e-01
8.455602737220204723e-01,0.000000000000000000e+00
8.429572823463631348e-01,0.000000000000000000e+00
8.364154033511046471e-01,0.000000000000000000e+00
8.305335954330581583e-01,0.000000000000000000e+00
8.239100089323863063e-01,0.000000000000000000e+00
8.180541556699698624e-01,4.810810518696802540e-01
8.232642383226596028e-01,4.069899512456206514e-01
8.352903881800826102e-01,0.000000000000000000e+00
8.372815209897194189e-01,0.000000000000000000e+00
8.382850016104632651e-01,0.000000000000000000e+00
8.387910264793918547e-01,0.000000000000000000e+00
8.390462645628110616e-01,0.000000000000000000e+00
8.419840130727841432e-01,0.000000000000000000e+00
8.435853519722104066e-01,0.000000000000000000e+00
8.442912991568469749e-01,0.000000000000000000e+00
8.446408092492425634e-01,0.000000000000000000e+00
8.448138787703418640e-01,0.000000000000000000e+00
8.490675531034299617e-01,0.000000000000000000e+00
8.511267530344184262e-01,0.000000000000000000e+00
8.521244180675127122e-01,0.000000000000000000e+00
8.512935449795819842e-01,0.000000000000000000e+00
8.498282094018717592e-01,0.000000000000000000e+00
8.479099403694129178e-01,0.000000000000000000e+00
8.426063333229538710e-01,0.000000000000000000e+00
8.413902195920192062e-01,0.000000000000000000e+00
8.437305478006128512e-01,0.000000000000000000e+00
8.448923526823788333e-01,0.000000000000000000e+00
8.454695699956604749e-01,0.000000000000000000e+00
8.457564581517156288e-01,0.000000000000000000e+00
8.458990720562565846e-01,0.000000000000000000e+00
8.459699713085472306e-01,0.000000000000000000e+00
8.460052188865365697e-01,0.000000000000000000e+00
8.460227420847322710e-01,0.000000000000000000e+00
8.460314534894430860e-01,0.000000000000000000e+00
8.473833298575170758e-01,0.000000000000000000e+00
8.479822257227060955e-01,0.000000000000000000e+00
8.439173267800617051e-01,0.000000000000000000e+00
8.419208037415193413e-01,0.000000000000000000e+00
8.407420047787834694e-01,0.000000000000000000e+00
8.403370066273989636e-01,0.000000000000000000e+00
8.401526659241181916e-01,0.000000000000000000e+00
8.400695999834416616e-01,0.000000000000000000e+00
8.400326251475012107e-01,0.000000000000000000e+00
8.355481170110321543e-01,0.000000000000000000e+00
8.347755456491905424e-01,0.000000000000000000e+00
8.343447351914976551e-01,0.000000000000000000e+00
8.341071000239717037e-01,0.000000000000000000e+00
8.308421450024101595e-01,0.000000000000000000e+00
8.291879721601851383e-01,0.000000000000000000e+00
8.236584309847241325e-01,0.000000000000000000e+00
8.074559917788042274e-01,-6.133262781045267786e-01
8.378787067273132383e-01,0.000000000000000000e+00
8.478301969613892819e-01,0.000000000000000000e+00
8.494543864078176743e-01,0.000000000000000000e+00
8.458956834599306029e-01,0.000000000000000000e+00
8.414169768445111108e-01,0.000000000000000000e+00
8.391917685063303711e-01,0.000000000000000000e+00
8.342297812623040709e-01,0.000000000000000000e+00
8.291271921629932429e-01,0.000000000000000000e+00
8.265885379438007163e-01,0.000000000000000000e+00
8.226760531944197208e-01,4.160408954699031936e-01
8.299985364559486767e-01,0.000000000000000000e+00
8.295877597776747381e-01,0.000000000000000000e+00
8.294136364524545835e-01,0.000000000000000000e+00
8.317244760124644642e-01,0.000000000000000000e+00
8.308105691178991892e-01,0.000000000000000000e+00
8.302045850369649260e-01,0.000000000000000000e+00
8.298272972891431731e-01,0.000000000000000000e+00
8.296015908758018753e-01,0.000000000000000000e+00
8.294702429191136428e-01,0.000000000000000000e+00
8.293953380433276568e-01,0.000000000000000000e+00
8.293532778259999905e-01,0.000000000000000000e+00
8.333163760222300764e-01,0.000000000000000000e+00
8.352314490208083697e-01,0.000000000000000000e+00
8.361574010115129241e-01,0.000000000000000000e+00
8.341122787681559680e-01,0.000000000000000000e+00
8.357264715596652849e-01,0.000000000000000000e+00
8.337091455778105065e-01,0.000000000000000000e+00
8.326446537003961978e-01,0.000000000000000000e+00
8.320848187571022736e-01,0.000000000000000000e+00
8.317912089350820715e-01,0.000000000000000000e+00
8.277139818166040497e-01,0.000000000000000000e+00
8.257234994334426981e-01,0.000000000000000000e+00
8.247539415861657730e-01,0.000000000000000000e+00
8.242823752179696539e-01,0.000000000000000000e+00
8.240532805224231039e-01,0.000000000000000000e+00
8.212800814691961770e-01,4.326586367207975736e-01
8.355374922498317591e-01,0.000000000000000000e+00
8.383844313913040303e-01,0.000000000000000000e+00
8.384492031757783126e-01,0.000000000000000000e+00
8.400634885410050989e-01,0.000000000000000000e+00
8.431895908442216259e-01,0.000000000000000000e+00
8.491785128763875701e-01,0.000000000000000000e+00
8.508075473618774698e-01,0.000000000000000000e+00
8.517102324220621190e-01,0.000000000000000000e+00
8.484838123254874187e-01,0.000000000000000000e+00
8.431359658674406621e-01,0.000000000000000000e+00
8.404614434281618696e-01,0.000000000000000000e+00
8.360540003919445518e-01,0.000000000000000000e+00
8.291900245553283089e-01,0.000000000000000000e+00
8.273064360300053099e-01,0.000000000000000000e+00
8.263177728717542303e-01,0.000000000000000000e+00
8.258002859597879386e-01,0.000000000000000000e+00
8.255300500846827205e-01,0.000000000000000000e+00
8.253892133964896294e-01,0.000000000000000000e+00
8.253159451968227200e-01,0.000000000000000000e+00
8.252778897658603618e-01,0.000000000000000000e+00
8.220196175830600804e-01,-4.225210986270684366e-01
8.346371151291992474e-01,0.000000000000000000e+00
8.367464009657692436e-01,0.000000000000000000e+00
8.377928448829521368e-01,0.000000000000000000e+00
8.369519660676755235e-01,0.000000000000000000e+00
8.366043870825345952e-01,0.000000000000000000e+00
8.364672436541635836e-01,0.000000000000000000e+00
8.364170572740559084e-01,0.000000000000000000e+00
8.380830982636364723e-01,0.000000000000000000e+00
8.412035205720145292e-01,0.000000000000000000e+00
8.429099754102692410e-01,0.000000000000000000e+00
8.438370075643955026e-01,0.000000000000000000e+00
8.443376542643179494e-01,0.000000000000000000e+00
8.446066219293983934e-01,0.000000000000000000e+00
8.403882958538362313e-01,0.000000000000000000e+00
8.383350954347066342e-01,0.000000000000000000e+00
8.386988448090937354e-01,0.000000000000000000e+00
8.431693914411229063e-01,0.000000000000000000e+00
8.409705756202440208e-01,0.000000000000000000e+00
8.385264027940230180e-01,0.000000000000000000e+00
8.296769985366951872e-01,0.000000000000000000e+00
8.316802218797565427e-01,0.000000000000000000e+00
8.385154436933640598e-01,0.000000000000000000e+00
8.418177419585636256e-01,0.000000000000000000e+00
8.420857997482933399e-01,0.000000000000000000e+00
8.422703307788098614e-01,0.000000000000000000e+00
8.423879037051541507e-01,0.000000000000000000e+00
8.424593693361527302e-01,0.000000000000000000e+00
8.467799755411918872e-01,0.000000000000000000e+00
8.488784237647477582e-01,0.000000000000000000e+00
8.498985533853502528e-01,0.000000000000000000e+00
8.503944982788740337e-01,0.000000000000000000e+00
8.506355072695547248e-01,0.000000000000000000e+00
8.507525503525579236e-01,0.000000000000000000e+00
8.484273425342658825e-01,0.000000000000000000e+00
8.493345845387980653e-01,0.000000000000000000e+00
8.499430340839274622e-01,0.000000000000000000e+00
8.503248993540190037e-01,0.000000000000000000e+00
8.505547402243006649e-01,0.000000000000000000e+00
8.506891528008003744e-01,0.000000000000000000e+00
8.507661224979646830e-01,0.000000000000000000e+00
8.508094971925762584e-01,0.000000000000000000e+00
8.508336333591087763e-01,0.000000000000000000e+00
8.465884608000413536e-01,0.000000000000000000e+00
8.445166020911888394e-01,0.000000000000000000e+00
8.435079337952517964e-01,0.000000000000000000e+00
8.472937833564024857e-01,0.000000000000000000e+00
8.478318362418557630e-01,0.000000000000000000e+00
8.481503733161499525e-01,0.000000000000000000e+00
8.483344601750032465e-01,0.000000000000000000e+00
8.523560679725771250e-01,0.000000000000000000e+00
8.502901912650371319e-01,0.000000000000000000e+00
8.492837768434182699e-01,0.000000000000000000e+00
8.447343971444697397e-01,0.000000000000000000e+00
8.425189843290179503e-01,0.000000000000000000e+00
8.414430323550025070e-01,0.000000000000000000e+00
8.409214255893988632e-01,0.000000000000000000e+00
8.406689176506781935e-01,0.000000000000000000e+00
8.405468347757011349e-01,0.000000000000000000e+00
8.437987742862875784e-01,0.000000000000000000e+00
8.435586314974757860e-01,0.000000000000000000e+00
8.432690670637910113e-01,0.000000000000000000e+00
8.430398546905276680e-01,0.000000000000000000e+00
8.428831388144986114e-01,0.000000000000000000e+00
8.427837686300453379e-01,0.000000000000000000e+00
8.427235966411360524e-01,0.000000000000000000e+00
8.414346994504516841e-01,0.000000000000000000e+00
8.449391131207533157e-01,0.000000000000000000e+00
8.385911647313092354e-01,0.000000000000000000e+00
8.436078477900610384e-01,0.000000000000000000e+00
8.460397215394437342e-01,0.000000000000000000e+00
8.409412524120606358e-01,0.000000000000000000e+00
8.522478069532514189e-01,0.000000000000000000e+00
8.469836990206242033e-01,0.000000000000000000e+00
8.445775341049097662e-01,0.000000000000000000e+00
8.394815245551510152e-01,0.000000000000000000e+00
8.370417906255087637e-01,0.000000000000000000e+00
8.371220851148181152e-01,0.000000000000000000e+00
8.371171316240054727e-01,0.000000000000000000e+00
8.370921617978719365e-01,0.000000000000000000e+00
8.370684530794059164e-01,0.000000000000000000e+00
8.370509970623516427e-01,0.000000000000000000e+00
8.330701209256461404e-01,0.000000000000000000e+00
8.311308377680417525e-01,0.000000000000000000e+00
8.301883549474048385e-01,0.000000000000000000e+00
8.321057778791552950e-01,0.000000000000000000e+00
8.310010564087402241e-01,0.000000000000000000e+00
8.302997323725070933e-01,0.000000000000000000e+00
8.298748159398865454e-01,0.000000000000000000e+00
8.296253201837058278e-01,0.000000000000000000e+00
8.294820917461291909e-01,0.000000000000000000e+00
8.294012542944275701e-01,0.000000000000000000e+00
8.293562317986186150e-01,0.000000000000000000e+00
8.333178448968402430e-01,0.000000000000000000e+00
8.352321808506830703e-01,0.000000000000000000e+00
8.361577659763514969e-01,0.000000000000000000e+00
8.366051722677021463e-01,0.000000000000000000e+00
8.449646251568005972e-01,0.000000000000000000e+00
8.369317616608817900e-01,0.000000000000000000e+00
8.330075022931072715e-01,0.000000000000000000e+00
8.323289900809414110e-01,0.000000000000000000e+00
8.319446020195891967e-01,0.000000000000000000e+00
8.317299095932779718e-01,0.000000000000000000e+00
8.276875595093037274e-01,0.000000000000000000e+00
8.257124450586359465e-01,0.000000000000000000e+00
8.247495012642969137e-01,0.000000000000000000e+00
8.242806998541628571e-01,0.000000000000000000e+00
8.240527152928669441e-01,0.000000000000000000e+00
8.239419476394371777e-01,0.000000000000000000e+00
8.238881787417541291e-01,0.000000000000000000e+00
8.224563636758959184e-01,4.155858128007225427e-01
8.363005504554137381e-01,0.000000000000000000e+00
8.389396556447223929e-01,0.000000000000000000e+00
8.401742006373164040e-01,0.000000000000000000e+00
8.449555459455566631e-01,0.000000000000000000e+00
8.458938467842990194e-01,0.000000000000000000e+00
8.506563396546118483e-01,0.000000000000000000e+00
8.516115789787643831e-01,0.000000000000000000e+00
8.485445927255699239e-01,0.000000000000000000e+00
8.431720694668465299e-01,0.000000000000000000e+00
8.404823337278142237e-01,0.000000000000000000e+00
8.346049465768776709e-01,0.000000000000000000e+00
8.331876731623961696e-01,0.000000000000000000e+00
8.294979241826183625e-01,0.000000000000000000e+00
8.307248008250267546e-01,0.000000000000000000e+00
8.312487658121386902e-01,0.000000000000000000e+00
8.314663603665901626e-01,0.000000000000000000e+00
8.268967044242969688e-01,0.000000000000000000e+00
8.246605154751575073e-01,0.000000000000000000e+00
8.250760106260378590e-01,0.000000000000000000e+00
8.252199517705489651e-01,0.000000000000000000e+00
8.252601346607748578e-01,0.000000000000000000e+00
8.204879487335934307e-01,-4.432083271111342260e-01
8.328553947919602463e-01,0.000000000000000000e+00
8.346414131810924175e-01,0.000000000000000000e+00
8.399143893207063893e-01,0.000000000000000000e+00
8.399683307894487694e-01,0.000000000000000000e+00
8.421454667118067894e-01,0.000000000000000000e+00
8.420523691937036315e-01,0.000000000000000000e+00
8.421545964728215372e-01,0.000000000000000000e+00
8.422804017158040946e-01,0.000000000000000000e+00
8.423807494479934599e-01,0.000000000000000000e+00
8.424496857867592725e-01,0.000000000000000000e+00
8.394544688382211683e-01,0.000000000000000000e+00
8.379420173186038490e-01,0.000000000000000000e+00
8.371791063467248772e-01,0.000000000000000000e+00
8.367944922675041308e-01,0.000000000000000000e+00
8.366006513395305433e-01,0.000000000000000000e+00
8.319987786744332814e-01,0.000000000000000000e+00
8.373171314615841521e-01,0.000000000000000000e+00
8.399532671686922303e-01,0.000000000000000000e+00
8.455464951917063265e-01,0.000000000000000000e+00
8.469694996501407891e-01,0.000000000000000000e+00
8.477247095503360752e-01,0.000000000000000000e+00
8.481243412673421522e-01,0.000000000000000000e+00
8.483352285692784545e-01,0.000000000000000000e+00
8.484462287910153888e-01,0.000000000000000000e+00
8.522909027687555206e-01,0.000000000000000000e+00
8.502528728141561798e-01,0.000000000000000000e+00
8.492627609451055548e-01,0.000000000000000000e+00
8.487825664821295746e-01,0.000000000000000000e+00
8.485499912578565729e-01,0.000000000000000000e+00
8.509480628049631568e-01,0.000000000000000000e+00
8.499613891367945318e-01,0.000000000000000000e+00
8.505651612798875716e-01,0.000000000000000000e+00
8.507103375416524838e-01,0.000000000000000000e+00
8.507050205005393106e-01,0.000000000000000000e+00
8.506635400068406350e-01,0.000000000000000000e+00
8.506234360929580962e-01,0.000000000000000000e+00
8.493377190051560888e-01,0.000000000000000000e+00
8.487647587804546534e-01,0.000000000000000000e+00
8.485134448230766679e-01,0.000000000000000000e+00
8.524339215622691590e-01,0.000000000000000000e+00
8.504555496325489905e-01,0.000000000000000000e+00
8.523918708010744805e-01,0.000000000000000000e+00
8.515860141997723121e-01,0.000000000000000000e+00
8.510785383604274612e-01,0.000000000000000000e+00
8.467539424794202629e-01,0.000000000000000000e+00
8.458864856777842389e-01,0.000000000000000000e+00
8.413895585049812054e-01,0.000000000000000000e+00
8.391710079897043428e-01,0.000000000000000000e+00
8.380786161939606238e-01,0.000000000000000000e+00
8.375413220870011610e-01,0.000000000000000000e+00
8.372772332779583326e-01,0.000000000000000000e+00
8.371474919291808092e-01,0.000000000000000000e+00
8.370837775517279145e-01,0.000000000000000000e+00
8.370524991558180306e-01,0.000000000000000000e+00
8.397945226125811402e-01,0.000000000000000000e+00
8.387617308805712657e-01,0.000000000000000000e+00
8.393045229087549020e-01,0.000000000000000000e+00
8.394118996076017636e-01,0.000000000000000000e+00
8.354107405811794784e-01,0.000000000000000000e+00
8.374052132082737687e-01,0.000000000000000000e+00
8.343732796638494431e-01,0.000000000000000000e+00
8.316592728206304574e-01,0.000000000000000000e+00
8.343710320654789125e-01,0.000000000000000000e+00
8.317359364443357439e-01,0.000000000000000000e+00
8.344487294692506385e-01,0.000000000000000000e+00
8.357693239980256150e-01,0.000000000000000000e+00
8.523103959000527530e-01,0.000000000000000000e+00
8.410222602720461849e-01,0.000000000000000000e+00
8.357898630970238552e-01,0.000000000000000000e+00
8.333971984956979329e-01,0.000000000000000000e+00
8.335404520751867885e-01,0.000000000000000000e+00
8.296685582503281475e-01,0.000000000000000000e+00
8.277779659114010702e-01,0.000000000000000000e+00
8.268568050477148601e-01,0.000000000000000000e+00
8.225307067136533590e-01,4.157062818390104830e-01
8.372257475507077773e-01,0.000000000000000000e+00
8.404423006483374703e-01,0.000000000000000000e+00
8.406936039773762470e-01,0.000000000000000000e+00
8.408935189879417349e-01,0.000000000000000000e+00
8.452339646956030794e-01,0.000000000000000000e+00
8.452517588391630365e-01,0.000000000000000000e+00
8.499622612983182002e-01,0.000000000000000000e+00
8.524564439259132431e-01,0.000000000000000000e+00
8.512191117781102712e-01,0.000000000000000000e+00
8.462100003010547544e-01,0.000000000000000000e+00
8.451396311661757421e-01,0.000000000000000000e+00
8.401247544893313268e-01,0.000000000000000000e+00
8.390781430517189055e-01,0.000000000000000000e+00
8.339591428221991842e-01,0.000000000000000000e+00
8.282431406000383411e-01,0.000000000000000000e+00
8.253825722640018014e-01,0.000000000000000000e+00
8.191430465660515248e-01,-4.611225540743485452e-01
8.386146942970245100e-01,0.000000000000000000e+00
8.423716520012629605e-01,0.000000000000000000e+00
8.442830874568845179e-01,0.000000000000000000e+00
8.452564227680593456e-01,0.000000000000000000e+00
8.499659012202571695e-01,0.000000000000000000e+00
8.509882723362754975e-01,0.000000000000000000e+00
8.515478548799113589e-01,0.000000000000000000e+00
8.490225254610944683e-01,0.000000000000000000e+00
8.468799718202851823e-01,0.000000000000000000e+00
8.458323860870525790e-01,0.000000000000000000e+00
8.453208765126963842e-01,0.000000000000000000e+00
8.450713619573941848e-01,0.000000000000000000e+00
8.409317422264795949e-01,0.000000000000000000e+00
8.419013521009942602e-01,0.000000000000000000e+00
8.410489835021266458e-01,0.000000000000000000e+00
8.403712148946247407e-01,0.000000000000000000e+00
8.399071294888981187e-01,0.000000000000000000e+00
8.396126923782015750e-01,0.000000000000000000e+00
8.394343613520994785e-01,0.000000000000000000e+00
8.393296776742436016e-01,0.000000000000000000e+00
8.392695946043017274e-01,0.000000000000000000e+00
8.392356910088174526e-01,0.000000000000000000e+00
8.392168123342030883e-01,0.000000000000000000e+00
8.392064115925990109e-01,0.000000000000000000e+00
8.392007315220417762e-01,0.000000000000000000e+00
8.391976521329919114e-01,0.000000000000000000e+00
8.352232088074607042e-01,0.000000000000000000e+00
8.345121395205985504e-01,0.000000000000000000e+00
8.341117175822505558e-01,0.000000000000000000e+00
8.338891406978609089e-01,0.000000000000000000e+00
8.337667026671201631e-01,0.000000000000000000e+00
8.309808401814278156e-01,0.000000000000000000e+00
8.295675126125325871e-01,0.000000000000000000e+00
8.249705475060165050e-01,0.000000000000000000e+00
8.227176091523986656e-01,4.134438667387068667e-01
8.343616048811999253e-01,0.000000000000000000e+00
8.402876470912330475e-01,0.000000000000000000e+00
8.418540049301217465e-01,0.000000000000000000e+00
8.426927044619834106e-01,0.000000000000000000e+00
8.414226055476750066e-01,0.000000000000000000e+00
8.465042778664187972e-01,0.000000000000000000e+00
8.490976107041154908e-01,0.000000000000000000e+00
8.503091414880543653e-01,0.000000000000000000e+00
8.489297926778770487e-01,0.000000000000000000e+00
8.481872721486543032e-01,0.000000000000000000e+00
8.448309511134155514e-01,0.000000000000000000e+00
8.386647346224868071e-01,0.000000000000000000e+00
8.370539768747606857e-01,0.000000000000000000e+00
8.361968343975677564e-01,0.000000000000000000e+00
8.311656809142103919e-01,0.000000000000000000e+00
8.286935773254712201e-01,0.000000000000000000e+00
8.320771776998935332e-01,0.000000000000000000e+00
8.291246409318607791e-01,0.000000000000000000e+00
8.276845431339979742e-01,0.000000000000000000e+00
8.269834298403700990e-01,0.000000000000000000e+00
8.266425380808705148e-01,0.000000000000000000e+00
8.279537181289766679e-01,0.000000000000000000e+00
8.285334866174555168e-01,0.000000000000000000e+00
8.240882246592504679e-01,0.000000000000000000e+00
8.219067382626723539e-01,-4.233210054073870410e-01
8.352343471679621878e-01,0.000000000000000000e+00
8.377110708339017275e-01,0.000000000000000000e+00
8.389497239321210831e-01,0.000000000000000000e+00
8.395697138032999218e-01,0.000000000000000000e+00
8.364534403167706023e-01,0.000000000000000000e+00
8.421896383639564387e-01,0.000000000000000000e+00
8.439114955030322385e-01,0.000000000000000000e+00
8.449301423147057566e-01,0.000000000000000000e+00
8.455186824272654667e-01,0.000000000000000000e+00
8.458527078984666714e-01,0.000000000000000000e+00
8.460396615470665571e-01,0.000000000000000000e+00
8.461431369878376074e-01,0.000000000000000000e+00
8.461998869569732351e-01,0.000000000000000000e+00
8.462307741671477590e-01,0.000000000000000000e+00
8.462474768194860886e-01,0.000000000000000000e+00
8.462564591011316750e-01,0.000000000000000000e+00
8.462612664252875394e-01,0.000000000000000000e+00
8.504754282099455942e-01,0.000000000000000000e+00
8.512475372312773292e-01,0.000000000000000000e+00
8.516797825653017462e-01,0.000000000000000000e+00
8.519190865487220599e-01,0.000000000000000000e+00
8.488256804695553104e-01,0.000000000000000000e+00
8.480111722890164572e-01,0.000000000000000000e+00
8.435365952496456377e-01,0.000000000000000000e+00
8.413298368449523279e-01,0.000000000000000000e+00
8.402436266610679994e-01,0.000000000000000000e+00
8.397095596024972686e-01,0.000000000000000000e+00
8.394471500166800215e-01,0.000000000000000000e+00
8.393182800909065877e-01,0.000000000000000000e+00
8.392550168526663468e-01,0.000000000000000000e+00
8.437856330169031249e-01,0.000000000000000000e+00
8.390909780088267045e-01,0.000000000000000000e+00
8.365477266550169766e-01,0.000000000000000000e+00
8.351797180663234066e-01,0.000000000000000000e+00
8.344480349913331318e-01,0.000000000000000000e+00
8.340585254985320995e-01,0.000000000000000000e+00
8.338519970395936731e-01,0.000000000000000000e+00
8.337428685775828408e-01,0.000000000000000000e+00
8.336853813532321134e-01,0.000000000000000000e+00
8.297275616801476072e-01,0.000000000000000000e+00
8.357390201201038149e-01,0.000000000000000000e+00
8.346505162961448399e-01,0.000000000000000000e+00
8.341211544460845895e-01,0.000000000000000000e+00
8.311454543646834559e-01,0.000000000000000000e+00
8.296433851622526667e-01,0.000000000000000000e+00
8.288859972944550014e-01,0.000000000000000000e+00
8.285043216616416739e-01,0.000000000000000000e+00
8.256268648623020789e-01,0.000000000000000000e+00
8.241691603581404735e-01,0.000000000000000000e+00
8.234315132792975334e-01,4.039385235309624900e-01
8.358149561010959072e-01,0.000000000000000000e+00
8.380344553143332931e-01,0.000000000000000000e+00
8.391599568744916304e-01,0.000000000000000000e+00
8.397309824102959785e-01,0.000000000000000000e+00
8.386921385408709906e-01,0.000000000000000000e+00
8.382489006168851731e-01,0.000000000000000000e+00
8.406774786685239365e-01,0.000000000000000000e+00
8.431910992563365070e-01,0.000000000000000000e+00
8.487435591028852366e-01,0.000000000000000000e+00
8.501422591063192424e-01,0.000000000000000000e+00
8.509079022372059153e-01,0.000000000000000000e+00
8.513240148259517692e-01,0.000000000000000000e+00
8.505505624240251583e-01,0.000000000000000000e+00
8.446178828441485154e-01,0.000000000000000000e+00
8.416902412969001768e-01,0.000000000000000000e+00
8.416528007057058058e-01,0.000000000000000000e+00
8.371041310731748286e-01,0.000000000000000000e+00
8.255051218240677668e-01,0.000000000000000000e+00
8.292095944527956286e-01,0.000000000000000000e+00
8.309979515506605852e-01,0.000000000000000000e+00
8.318615799283504142e-01,0.000000000000000000e+00
8.322784546718132725e-01,0.000000000000000000e+00
8.324795042117406618e-01,0.000000000000000000e+00
8.325763556513317010e-01,0.000000000000000000e+00
8.340642749459870053e-01,0.000000000000000000e+00
8.347290040537135303e-01,0.000000000000000000e+00
8.304416172943239749e-01,0.000000000000000000e+00
8.283373544151518830e-01,0.000000000000000000e+00
8.273067080415009711e-01,0.000000000000000000e+00
8.282786359677546395e-01,0.000000000000000000e+00
8.239938758722855638e-01,0.000000000000000000e+00
8.232810970883877033e-01,-4.040758432030939207e-01
8.372057093051156196e-01,0.000000000000000000e+00
8.386883440976913295e-01,0.000000000000000000e+00
8.394345962736629030e-01,0.000000000000000000e+00
8.398103761794875055e-01,0.000000000000000000e+00
8.399996419537876235e-01,0.000000000000000000e+00
8.400949759256625127e-01,0.000000000000000000e+00
8.401429971732256030e-01,0.000000000000000000e+00
8.357353452997053900e-01,0.000000000000000000e+00
8.436575578701460687e-01,0.000000000000000000e+00
8.418245807896276300e-01,0.000000000000000000e+00
8.409575052119002692e-01,0.000000000000000000e+00
8.361194450856000993e-01,0.000000000000000000e+00
8.355269932132978195e-01,0.000000000000000000e+00
8.410481557269657849e-01,0.000000000000000000e+00
8.437293446954570175e-01,0.000000000000000000e+00
8.450331216132203060e-01,0.000000000000000000e+00
8.456672763338736187e-01,0.000000000000000000e+00
8.501886531519411427e-01,0.000000000000000000e+00
8.511086375939100890e-01,0.000000000000000000e+00
8.516125593167346297e-01,0.000000000000000000e+00
8.489881757358743730e-01,0.000000000000000000e+00
8.468617138966954005e-01,0.000000000000000000e+00
8.458227236709453534e-01,0.000000000000000000e+00
8.453157809596979488e-01,0.000000000000000000e+00
8.450686827553819391e-01,0.000000000000000000e+00
8.481604424133576403e-01,0.000000000000000000e+00
8.481463680592582488e-01,0.000000000000000000e+00
8.438343315696035241e-01,0.000000000000000000e+00
8.415942262149033182e-01,0.000000000000000000e+00
8.404335783441106988e-01,0.000000000000000000e+00
8.398333687723660290e-01,0.000000000000000000e+00
8.395234415201758837e-01,0.000000000000000000e+00
8.434026442141778768e-01,0.000000000000000000e+00
8.452718000967478496e-01,0.000000000000000000e+00
8.461728290549052067e-01,0.000000000000000000e+00
8.466069802606408512e-01,0.000000000000000000e+00
8.427932625461725946e-01,0.000000000000000000e+00
8.490695041540998744e-01,0.000000000000000000e+00
8.452118478334501583e-01,0.000000000000000000e+00
8.393118767605091124e-01,0.000000000000000000e+00
8.364100197617427845e-01,0.000000000000000000e+00
8.349865397784768106e-01,0.000000000000000000e+00
8.355061145327948857e-01,0.000000000000000000e+00
8.317659785560762575e-01,0.000000000000000000e+00
8.299170042771418787e-01,0.000000000000000000e+00
8.251245366349723165e-01,0.000000000000000000e+00
8.227839560028902266e-01,4.125449606335148678e-01
8.343777897320612258e-01,0.000000000000000000e+00
8.361283082348734963e-01,0.000000000000000000e+00
8.411831850706820157e-01,0.000000000000000000e+00
8.422260710525983907e-01,0.000000000000000000e+00
8.426219661201096445e-01,0.000000000000000000e+00
8.471832541835090380e-01,0.000000000000000000e+00
8.494771597483562475e-01,0.000000000000000000e+00
8.506324988637197215e-01,0.000000000000000000e+00
8.508827894856683116e-01,0.000000000000000000e+00
8.491286555971554462e-01,0.000000000000000000e+00
8.438890549123172491e-01,0.000000000000000000e+00
8.427191862674949796e-01,0.000000000000000000e+00
8.376234393157816482e-01,0.000000000000000000e+00
8.351068560079683012e-01,0.000000000000000000e+00
8.307246089952019519e-01,0.000000000000000000e+00
8.331171078257804119e-01,0.000000000000000000e+00
8.342443544593622917e-01,0.000000000000000000e+00
8.347741791820129098e-01,0.000000000000000000e+00
8.304422521830057136e-01,0.000000000000000000e+00
8.283265952645969543e-01,0.000000000000000000e+00
8.272957738467137112e-01,0.000000000000000000e+00
8.267942986447535114e-01,0.000000000000000000e+00
8.265506281328116600e-01,0.000000000000000000e+00
8.279091905029722920e-01,0.000000000000000000e+00
8.238123842176505729e-01,0.000000000000000000e+00
8.217874053926798039e-01,-4.249276442687436317e-01
8.352049461308886924e-01,0.000000000000000000e+00
8.377035618641847092e-01,0.000000000000000000e+00
8.389495516952322207e-01,0.000000000000000000e+00
8.361375734132397985e-01,0.000000000000000000e+00
8.407241621132439668e-01,0.000000000000000000e+00
8.432541481723927479e-01,0.000000000000000000e+00
8.446389756833189155e-01,0.000000000000000000e+00
8.453918177257780942e-01,0.000000000000000000e+00
8.457986348511898900e-01,0.000000000000000000e+00
8.460173095588947589e-01,0.000000000000000000e+00
8.461343070223446006e-01,0.000000000000000000e+00
8.461966472152633312e-01,0.000000000000000000e+00
8.462297431192580266e-01,0.000000000000000000e+00
8.462472563308964801e-01,0.000000000000000000e+00
8.462564966922313525e-01,0.000000000000000000e+00
8.406054925047365955e-01,0.000000000000000000e+00
8.465165476456482097e-01,0.000000000000000000e+00
8.494121802105734087e-01,0.000000000000000000e+00
8.508332924678385645e-01,0.000000000000000000e+00
8.502588386602618620e-01,0.000000000000000000e+00
8.507809778762378539e-01,0.000000000000000000e+00
8.448541977707645367e-01,0.000000000000000000e+00
8.419529308284713354e-01,0.000000000000000000e+00
8.405368539273094797e-01,0.000000000000000000e+00
8.398469145089888510e-01,0.000000000000000000e+00
8.395111801893319070e-01,0.000000000000000000e+00
8.405763447854455173e-01,0.000000000000000000e+00
8.410352823615346862e-01,0.000000000000000000e+00
8.410173841529107186e-01,0.000000000000000000e+00
8.377616018064524273e-01,0.000000000000000000e+00
8.359113856593214376e-01,0.000000000000000000e+00
8.348759764655553361e-01,0.000000000000000000e+00
8.343034406194392849e-01,0.000000000000000000e+00
8.339898793921902698e-01,0.000000000000000000e+00
8.338195010607105662e-01,0.000000000000000000e+00
8.337275335898602924e-01,0.000000000000000000e+00
8.336781697508022226e-01,0.000000000000000000e+00
8.336518019246670352e-01,0.000000000000000000e+00
8.336377770151004452e-01,0.000000000000000000e+00
8.336303450052975350e-01,0.000000000000000000e+00
8.336264196837839258e-01,0.000000000000000000e+00
8.388452497449111478e-01,0.000000000000000000e+00
8.333902086799174214e-01,0.000000000000000000e+00
8.307044233651429410e-01,0.000000000000000000e+00
8.305903523066642258e-01,0.000000000000000000e+00
8.265849657814978713e-01,0.000000000000000000e+00
8.207727329088144730e-01,4.402047287519282315e-01
8.336545217286984721e-01,0.000000000000000000e+00
8.357700006827615269e-01,0.000000000000000000e+00
8.368457299803911953e-01,0.000000000000000000e+00
8.373929483917810224e-01,0.000000000000000000e+00
8.418286352901447334e-01,0.000000000000000000e+00
8.426402073224266154e-01,0.000000000000000000e+00
8.430938326050085863e-01,0.000000000000000000e+00
8.416122403589163525e-01,0.000000000000000000e+00
8.465987422842811139e-01,0.000000000000000000e+00
8.477882526957082332e-01,0.000000000000000000e+00
8.522427556225626866e-01,0.000000000000000000e+00
8.497839723747937501e-01,0.000000000000000000e+00
8.485575416950581484e-01,0.000000000000000000e+00
8.449882886010494643e-01,0.000000000000000000e+00
8.387298557197222504e-01,0.000000000000000000e+00
8.415223577248880371e-01,0.000000000000000000e+00
8.383670309514756891e-01,0.000000000000000000e+00
8.322232469961172718e-01,0.000000000000000000e+00
8.292069519336854322e-01,0.000000000000000000e+00
8.277303041984006571e-01,0.000000000000000000e+00
8.270086027310901144e-01,0.000000000000000000e+00
8.281326531919898093e-01,0.000000000000000000e+00
8.286209776542203809e-01,0.000000000000000000e+00
8.288285468336835660e-01,0.000000000000000000e+00
8.289141007249779536e-01,0.000000000000000000e+00
8.242515133818999473e-01,0.000000000000000000e+00
8.219745665322113481e-01,-4.224119142446000619e-01
8.352494536659809121e-01,0.000000000000000000e+00
8.377137050204751523e-01,0.000000000000000000e+00
8.389485891019626829e-01,0.000000000000000000e+00
8.395679203924876211e-01,0.000000000000000000e+00
8.441927123007231248e-01,0.000000000000000000e+00
8.464401586802899891e-01,0.000000000000000000e+00
8.444601610090398669e-01,0.000000000000000000e+00
8.448264195294242773e-01,0.000000000000000000e+00
8.452769140023081995e-01,0.000000000000000000e+00
8.456365723408859614e-01,0.000000000000000000e+00
8.458838441705227584e-01,0.000000000000000000e+00
8.460412961088910055e-01,0.000000000000000000e+00
8.461369726744505382e-01,0.000000000000000000e+00
8.461933064716558039e-01,0.000000000000000000e+00
8.462257309510661241e-01,0.000000000000000000e+00
8.462440768081276321e-01,0.000000000000000000e+00
8.462543189323318282e-01,0.000000000000000000e+00
8.462599757776790854e-01,0.000000000000000000e+00
8.504746738366601999e-01,0.000000000000000000e+00
8.512471047770070465e-01,0.000000000000000000e+00
8.516795386010349578e-01,0.000000000000000000e+00
8.519189506534514678e-01,0.000000000000000000e+00
8.488257548963075161e-01,0.000000000000000000e+00
8.467755022267277054e-01,0.000000000000000000e+00
8.429909906831480892e-01,0.000000000000000000e+00
8.410939481265886641e-01,0.000000000000000000e+00
8.401443002306572261e-01,0.000000000000000000e+00
8.396692310793012481e-01,0.000000000000000000e+00
8.394316535186073791e-01,0.000000000000000000e+00
8.393128631412203333e-01,0.000000000000000000e+00
8.392534721188313895e-01,0.000000000000000000e+00
8.385819095487438979e-01,0.000000000000000000e+00
8.366179298849822921e-01,0.000000000000000000e+00
8.353768924007083374e-01,0.000000000000000000e+00
8.346274915917928361e-01,0.000000000000000000e+00
8.341885986854560286e-01,0.000000000000000000e+00
8.339371600446526811e-01,0.000000000000000000e+00
8.337954903323246958e-01,0.000000000000000000e+00
8.337167010387125377e-01,0.000000000000000000e+00
8.336733388524073529e-01,0.000000000000000000e+00
8.336496785964835343e-01,0.000000000000000000e+00
8.336368611141699025e-01,0.000000000000000000e+00
8.376233585807439930e-01,0.000000000000000000e+00
8.355645578164273557e-01,0.000000000000000000e+00
8.306402682133067206e-01,0.000000000000000000e+00
8.294535646524117123e-01,0.000000000000000000e+00
8.288225259559236502e-01,0.000000000000000000e+00
8.284882973947148566e-01,0.000000000000000000e+00
8.244289964550723937e-01,0.000000000000000000e+00
8.224464324288587314e-01,4.171662124393459847e-01
8.342738440118646626e-01,0.000000000000000000e+00
8.360858196176961243e-01,0.000000000000000000e+00
8.370068460282952261e-01,0.000000000000000000e+00
8.374751438916610002e-01,0.000000000000000000e+00
8.418703956643438513e-01,0.000000000000000000e+00
8.426614955949702779e-01,0.000000000000000000e+00
8.431046837837188335e-01,0.000000000000000000e+00
8.416173877641550671e-01,0.000000000000000000e+00
8.466013065212949495e-01,0.000000000000000000e+00
8.491460519334547152e-01,0.000000000000000000e+00
8.516471017213720351e-01,0.000000000000000000e+00
8.495234260228391454e-01,0.000000000000000000e+00
8.484461185147680329e-01,0.000000000000000000e+00
8.449418223803285555e-01,0.000000000000000000e+00
8.387111398634408133e-01,0.000000000000000000e+00
8.401103687501034756e-01,0.000000000000000000e+00
8.377367503461740084e-01,0.000000000000000000e+00
8.319445209550330178e-01,0.000000000000000000e+00
8.290864444211305528e-01,0.000000000000000000e+00
8.276796180668377634e-01,0.000000000000000000e+00
8.269880722946908458e-01,0.000000000000000000e+00
8.266484137302418933e-01,0.000000000000000000e+00
8.264816838894394335e-01,0.000000000000000000e+00
8.263998782731221127e-01,0.000000000000000000e+00
8.278367551291015980e-01,0.000000000000000000e+00
8.237774113129547882e-01,0.000000000000000000e+00
8.217705799610564021e-01,-4.251567516003826319e-01
8.351998374569555850e-01,0.000000000000000000e+00
8.377015224491839440e-01,0.000000000000000000e+00
8.389487876166943359e-01,0.000000000000000000e+00
8.438866126694772873e-01,0.000000000000000000e+00
8.449853023354632064e-01,0.000000000000000000e+00
8.455801215603384602e-01,0.000000000000000000e+00
8.424484340450616449e-01,0.000000000000000000e+00
8.438938959239339344e-01,0.000000000000000000e+00
8.448475967710664669e-01,0.000000000000000000e+00
8.454404394606519491e-01,0.000000000000000000e+00
8.457950563158577184e-01,0.000000000000000000e+00
8.502138132083407740e-01,0.000000000000000000e+00
8.481720731105755196e-01,0.000000000000000000e+00
8.513915975544015247e-01,0.000000000000000000e+00
8.487593728561581008e-01,0.000000000000000000e+00
8.474771375130535356e-01,0.000000000000000000e+00
8.468537101290050106e-01,0.000000000000000000e+00
8.465510304804337860e-01,0.000000000000000000e+00
8.493396981434078175e-01,0.000000000000000000e+00
8.507522996071249510e-01,0.000000000000000000e+00
8.514683887118597028e-01,0.000000000000000000e+00
8.502734291941642653e-01,0.000000000000000000e+00
8.486566584958534776e-01,0.000000000000000000e+00
8.438218334625658956e-01,0.000000000000000000e+00
8.414532079519398966e-01,0.000000000000000000e+00
8.402955870605371969e-01,0.000000000000000000e+00
8.397306602115840457e-01,0.000000000000000000e+00
8.394552595696578301e-01,0.000000000000000000e+00
8.393211156915765248e-01,0.000000000000000000e+00
8.365023721524013078e-01,0.000000000000000000e+00
8.350766906995737981e-01,0.000000000000000000e+00
8.377909214831329443e-01,0.000000000000000000e+00
8.361490062301278892e-01,0.000000000000000000e+00
8.351059394548737691e-01,0.000000000000000000e+00
8.344738542956047223e-01,0.000000000000000000e+00
8.341027338306600258e-01,0.000000000000000000e+00
8.323767004361302124e-01,0.000000000000000000e+00
8.306514683369837782e-01,0.000000000000000000e+00
8.289270556611643137e-01,0.000000000000000000e+00
8.272034818270594947e-01,0.000000000000000000e+00
8.254807675157649349e-01,0.000000000000000000e+00
8.237589346429597947e-01,0.000000000000000000e+00
8.220380063302440421e-01,4.228133400335017389e-01
8.311579574444926122e-01,0.000000000000000000e+00
8.319062822836610360e-01,0.000000000000000000e+00
8.326547750287645044e-01,0.000000000000000000e+00
8.334034336767709439e-01,0.000000000000000000e+00
8.341522562663766793e-01,0.000000000000000000e+00
8.349012408784833861e-01,0.000000000000000000e+00
8.356503856366231942e-01,0.000000000000000000e+00
8.363996887074066633e-01,0.000000000000000000e+00
8.371491483009938506e-01,0.000000000000000000e+00
8.378987626714970993e-01,0.000000000000000000e+00
8.386485301174353424e-01,0.000000000000000000e+00
8.393984489821709749e-01,0.000000000000000000e+00
8.401485176543550537e-01,0.000000000000000000e+00
8.481078329256770409e-01,0.000000000000000000e+00
