0.000000000000000000e+00,1.500000000000000000e+00
0.000000000000000000e+00,1.500000000000000000e+00
0.000000000000000000e+00,1.500000000000000000e+00
0.000000000000000000e+00,1.500000000000000000e+00
0.000000000000000000e+00,1.500000000000000000e+00
0.000000000000000000e+00,1.500000000000000000e+00
0.000000000000000000e+00,1.500000000000000000e+00
5.352394427769833207e-01,-4.325003271281817163e+00
5.766324764008727843e-01,-3.805459016741376210e+00
6.124155929088280770e-01,-3.347942045595460492e+00
6.571362563663321055e-01,-2.735605174865916478e+00
6.853562157823300804e-01,-2.336067912035526106e+00
6.496610352085779860e-01,-2.765200195833047214e+00
7.423232604485757724e-01,-1.505091740948856893e+00
8.011728534781398237e-01,-7.013197212996050700e-01
8.382918457884334096e-01,0.000000000000000000e+00
8.495968989282112194e-01,0.000000000000000000e+00
8.458101107300920463e-01,0.000000000000000000e+00
8.424203816875353024e-01,0.000000000000000000e+00
8.368544042597099164e-01,0.000000000000000000e+00
8.341194580200762543e-01,0.000000000000000000e+00
8.289635939177912860e-01,0.000000000000000000e+00
8.275784204206173555e-01,0.000000000000000000e+00
8.268495847987062941e-01,0.000000000000000000e+00
8.226890787584612008e-01,4.159435777435511183e-01
8.392255101334424872e-01,0.000000000000000000e+00
8.376496918251868928e-01,0.000000000000000000e+00
8.355678007717846079e-01,0.000000000000000000e+00
8.345603722691685711e-01,0.000000000000000000e+00
8.340738381426265891e-01,0.000000000000000000e+00
8.311206324089031039e-01,0.000000000000000000e+00
8.296304072096227777e-01,0.000000000000000000e+00
8.249986359926620993e-01,0.000000000000000000e+00
8.227299278827165940e-01,4.132766949458024919e-01
8.343647338976779571e-01,0.000000000000000000e+00
8.361251499984978519e-01,0.000000000000000000e+00
8.411833134540147583e-01,0.000000000000000000e+00
8.423106166661789018e-01,0.000000000000000000e+00
8.412977851260217133e-01,0.000000000000000000e+00
8.464421045295401624e-01,0.000000000000000000e+00
8.490665720332895017e-01,0.000000000000000000e+00
8.516865802839962418e-01,0.000000000000000000e+00
8.495431865753549916e-01,0.000000000000000000e+00
8.484559997900130712e-01,0.000000000000000000e+00
8.435499965083377294e-01,0.000000000000000000e+00
8.425490260476766746e-01,0.000000000000000000e+00
8.420015968571550324e-01,0.000000000000000000e+00
8.386714887500963389e-01,0.000000000000000000e+00
8.369791773354062769e-01,0.000000000000000000e+00
8.315454347948412206e-01,0.000000000000000000e+00
8.155709285140344544e-01,-5.061603829813956512e-01
8.416980940913447728e-01,0.000000000000000000e+00
8.492330369183036520e-01,0.000000000000000000e+00
8.521621848243914332e-01,0.000000000000000000e+00
8.517689007545714563e-01,0.000000000000000000e+00
8.475275675224909211e-01,0.000000000000000000e+00
8.454546658387139813e-01,0.000000000000000000e+00
8.404690357949463619e-01,0.000000000000000000e+00
8.380413560020056885e-01,0.000000000000000000e+00
8.380703800391118286e-01,0.000000000000000000e+00
8.340938917228789551e-01,0.000000000000000000e+00
8.321323347487673550e-01,0.000000000000000000e+00
8.311663793990153870e-01,0.000000000000000000e+00
8.268060465514143198e-01,0.000000000000000000e+00
8.298542693581224539e-01,0.000000000000000000e+00
8.278621211352825693e-01,0.000000000000000000e+00
8.265903153889687660e-01,0.000000000000000000e+00
8.258173294969546330e-01,0.000000000000000000e+00
8.253626023643879650e-01,0.000000000000000000e+00
8.251012523341509919e-01,0.000000000000000000e+00
8.249536422923273715e-01,0.000000000000000000e+00
8.248713965286487149e-01,0.000000000000000000e+00
8.248260658816252144e-01,0.000000000000000000e+00
8.248013027187115487e-01,0.000000000000000000e+00
8.221239339379865507e-01,4.222099713112013042e-01
8.338918313104601854e-01,0.000000000000000000e+00
8.439360553012992261e-01,0.000000000000000000e+00
8.445429821059555753e-01,0.000000000000000000e+00
8.448047896762223008e-01,0.000000000000000000e+00
8.449149349002480491e-01,0.000000000000000000e+00
8.449596428655098412e-01,0.000000000000000000e+00
8.395807728348816390e-01,0.000000000000000000e+00
8.411063498174804476e-01,0.000000000000000000e+00
8.418760425620746002e-01,0.000000000000000000e+00
8.422645352752931025e-01,0.000000000000000000e+00
8.424606546773842908e-01,0.000000000000000000e+00
8.425596637801447963e-01,0.000000000000000000e+00
8.426096463946488591e-01,0.000000000000000000e+00
8.413154844769278329e-01,0.000000000000000000e+00
8.440789297509549982e-01,0.000000000000000000e+00
8.461497337133663255e-01,0.000000000000000000e+00
8.472268782697095491e-01,0.000000000000000000e+00
8.520034516700613070e-01,0.000000000000000000e+00
8.506648585995182366e-01,0.000000000000000000e+00
8.495224820508257002e-01,0.000000000000000000e+00
8.503059113390165624e-01,0.000000000000000000e+00
8.463364168967779655e-01,0.000000000000000000e+00
8.413527605836469414e-01,0.000000000000000000e+00
8.388522348480303981e-01,0.000000000000000000e+00
8.375998139652949259e-01,0.000000000000000000e+00
8.369730727091183597e-01,0.000000000000000000e+00
8.335591077925162962e-01,0.000000000000000000e+00
8.335268278844585321e-01,0.000000000000000000e+00
8.350077830978140936e-01,0.000000000000000000e+00
8.311665075792479263e-01,0.000000000000000000e+00
8.338416505973377246e-01,0.000000000000000000e+00
8.351355664154276326e-01,0.000000000000000000e+00
8.371732660453170549e-01,0.000000000000000000e+00
8.381030777359486095e-01,0.000000000000000000e+00
8.385240686110129182e-01,0.000000000000000000e+00
8.342075990465513957e-01,0.000000000000000000e+00
8.320954441388933587e-01,0.000000000000000000e+00
8.310642538975394622e-01,0.000000000000000000e+00
8.305615386114983956e-01,0.000000000000000000e+00
8.317617428508711219e-01,0.000000000000000000e+00
8.284875577178045791e-01,0.000000000000000000e+00
8.261577205335344232e-01,0.000000000000000000e+00
8.249526377397635724e-01,0.000000000000000000e+00
8.243304139606402181e-01,0.000000000000000000e+00
8.240095694189070175e-01,0.000000000000000000e+00
8.190686335889562075e-01,-4.611579644980009496e-01
8.305362065394351623e-01,0.000000000000000000e+00
8.317554136108280538e-01,0.000000000000000000e+00
8.323845450881907082e-01,0.000000000000000000e+00
8.327090114151648459e-01,0.000000000000000000e+00
8.372922470972792297e-01,0.000000000000000000e+00
8.395228819420298416e-01,0.000000000000000000e+00
8.406095969937266155e-01,0.000000000000000000e+00
8.441366555736637967e-01,0.000000000000000000e+00
8.459084117753967735e-01,0.000000000000000000e+00
8.497288972750810521e-01,0.000000000000000000e+00
8.516573046017119619e-01,0.000000000000000000e+00
8.522802028415509268e-01,0.000000000000000000e+00
8.477702077435765871e-01,0.000000000000000000e+00
8.467775242758273091e-01,0.000000000000000000e+00
8.422560254456319395e-01,0.000000000000000000e+00
8.400278256823259238e-01,0.000000000000000000e+00
8.389319339793903652e-01,0.000000000000000000e+00
8.395944359588825012e-01,0.000000000000000000e+00
8.359159693923385870e-01,0.000000000000000000e+00
8.340983207891174978e-01,0.000000000000000000e+00
8.379921161998055146e-01,0.000000000000000000e+00
8.318783636056146236e-01,0.000000000000000000e+00
8.297537717552038172e-01,0.000000000000000000e+00
8.284959757022191118e-01,0.000000000000000000e+00
8.277699242007106051e-01,0.000000000000000000e+00
8.273585660808079334e-01,0.000000000000000000e+00
8.271288254368143189e-01,0.000000000000000000e+00
8.270019707666735886e-01,0.000000000000000000e+00
8.230856558489973995e-01,4.091211298286698828e-01
8.381201440090189081e-01,0.000000000000000000e+00
8.415614429488975645e-01,0.000000000000000000e+00
8.432759272985658194e-01,0.000000000000000000e+00
8.441311294896751694e-01,0.000000000000000000e+00
8.445579706612161841e-01,0.000000000000000000e+00
8.447710761252298362e-01,0.000000000000000000e+00
8.448774874649114253e-01,0.000000000000000000e+00
8.462352638891097456e-01,0.000000000000000000e+00
8.455345367542955737e-01,0.000000000000000000e+00
8.411272500457577239e-01,0.000000000000000000e+00
8.430967105349935764e-01,0.000000000000000000e+00
8.440603067575356278e-01,0.000000000000000000e+00
8.445319178960932760e-01,0.000000000000000000e+00
8.447627215170432358e-01,0.000000000000000000e+00
8.448756444006604305e-01,0.000000000000000000e+00
8.449308716955149512e-01,0.000000000000000000e+00
8.450060073535482497e-01,0.000000000000000000e+00
8.478478534081707041e-01,0.000000000000000000e+00
8.492789718358091378e-01,0.000000000000000000e+00
8.500003097000992103e-01,0.000000000000000000e+00
8.504107227049416684e-01,0.000000000000000000e+00
8.524008528803660445e-01,0.000000000000000000e+00
8.491367086453076585e-01,0.000000000000000000e+00
8.488895423959066378e-01,0.000000000000000000e+00
8.443882151793790092e-01,0.000000000000000000e+00
8.421644455966865728e-01,0.000000000000000000e+00
8.424464877607658053e-01,0.000000000000000000e+00
8.425199111699337440e-01,0.000000000000000000e+00
8.190926313891508936e-01,-4.566019742114572066e-01
8.424364550989578149e-01,0.000000000000000000e+00
8.504204417182413822e-01,0.000000000000000000e+00
8.460627687575004163e-01,0.000000000000000000e+00
8.400391676990781598e-01,0.000000000000000000e+00
8.371218142142440310e-01,0.000000000000000000e+00
8.368950644418247098e-01,0.000000000000000000e+00
8.328374029415569479e-01,0.000000000000000000e+00
8.269977750893842128e-01,0.000000000000000000e+00
8.241432384982122494e-01,0.000000000000000000e+00
8.239202934475162721e-01,0.000000000000000000e+00
8.237542180000261283e-01,4.003956988995259203e-01
8.338192319561374966e-01,0.000000000000000000e+00
8.348847088771724767e-01,0.000000000000000000e+00
8.350472994310582653e-01,0.000000000000000000e+00
8.344145427787315050e-01,0.000000000000000000e+00
8.381459132539271772e-01,0.000000000000000000e+00
8.399376957471317295e-01,0.000000000000000000e+00
8.407981267109819745e-01,0.000000000000000000e+00
8.412109661219570045e-01,0.000000000000000000e+00
8.414087825783720387e-01,0.000000000000000000e+00
8.443246780903156390e-01,0.000000000000000000e+00
8.457936380008537203e-01,0.000000000000000000e+00
8.465343343794471398e-01,0.000000000000000000e+00
8.510807618362050686e-01,0.000000000000000000e+00
8.517063313619477327e-01,0.000000000000000000e+00
8.502013010775132384e-01,0.000000000000000000e+00
8.487002587249642405e-01,0.000000000000000000e+00
8.479717393671502013e-01,0.000000000000000000e+00
8.476187124674838813e-01,0.000000000000000000e+00
8.474478691208519043e-01,0.000000000000000000e+00
8.473652945957875771e-01,0.000000000000000000e+00
8.473254334651099118e-01,0.000000000000000000e+00
8.473062164209541614e-01,0.000000000000000000e+00
8.472969646931436394e-01,0.000000000000000000e+00
8.472925171976531944e-01,0.000000000000000000e+00
8.472903826090421031e-01,0.000000000000000000e+00
8.472893598792936576e-01,0.000000000000000000e+00
8.472888707885970483e-01,0.000000000000000000e+00
8.479202749947221118e-01,0.000000000000000000e+00
8.476860556450707129e-01,0.000000000000000000e+00
8.516988991645290108e-01,0.000000000000000000e+00
8.513743590109461579e-01,0.000000000000000000e+00
8.504496750364276547e-01,0.000000000000000000e+00
8.513250763134340149e-01,0.000000000000000000e+00
8.516966647256457579e-01,0.000000000000000000e+00
8.475919013922351697e-01,0.000000000000000000e+00
8.455762949470778667e-01,0.000000000000000000e+00
8.459380739356130441e-01,0.000000000000000000e+00
8.460539521971279786e-01,0.000000000000000000e+00
8.417185198331355034e-01,0.000000000000000000e+00
8.209680035615712912e-01,-4.305751000151516461e-01
8.473520544196034843e-01,0.000000000000000000e+00
8.491988879762428777e-01,0.000000000000000000e+00
8.426248735085022368e-01,0.000000000000000000e+00
8.394390066299057818e-01,0.000000000000000000e+00
8.351747924584602689e-01,0.000000000000000000e+00
8.330530325755080012e-01,0.000000000000000000e+00
8.281494456130189530e-01,0.000000000000000000e+00
8.257531623156689760e-01,0.000000000000000000e+00
8.219338440938074308e-01,4.254925825900588432e-01
8.331725927088301509e-01,0.000000000000000000e+00
8.345680562752444409e-01,0.000000000000000000e+00
8.339850475167155386e-01,0.000000000000000000e+00
8.378359036729930986e-01,0.000000000000000000e+00
8.404180110422426742e-01,0.000000000000000000e+00
8.370473724827471873e-01,0.000000000000000000e+00
8.394289093887030706e-01,0.000000000000000000e+00
8.405635935334171416e-01,0.000000000000000000e+00
8.411035400386508432e-01,0.000000000000000000e+00
8.413599682898281751e-01,0.000000000000000000e+00
8.456037240480547279e-01,0.000000000000000000e+00
8.463581534644055715e-01,0.000000000000000000e+00
8.467792977440087299e-01,0.000000000000000000e+00
8.470118593102706761e-01,0.000000000000000000e+00
8.513107964244515102e-01,0.000000000000000000e+00
8.515947099676788312e-01,0.000000000000000000e+00
8.502551521651914301e-01,0.000000000000000000e+00
8.500192452617295613e-01,0.000000000000000000e+00
8.485562821933884115e-01,0.000000000000000000e+00
8.478732400228363719e-01,0.000000000000000000e+00
8.475562059646759572e-01,0.000000000000000000e+00
8.474099896330299364e-01,0.000000000000000000e+00
8.473430431946303854e-01,0.000000000000000000e+00
8.473126526827055027e-01,0.000000000000000000e+00
8.472989988489401103e-01,0.000000000000000000e+00
8.472929424895426775e-01,0.000000000000000000e+00
8.472902994707656177e-01,0.000000000000000000e+00
8.472891704740576069e-01,0.000000000000000000e+00
8.472887021962676179e-01,0.000000000000000000e+00
8.479202965221793731e-01,0.000000000000000000e+00
8.476860664058916139e-01,0.000000000000000000e+00
8.516989045198908315e-01,0.000000000000000000e+00
8.513743563249992485e-01,0.000000000000000000e+00
8.504496736913119692e-01,0.000000000000000000e+00
8.513250756413380804e-01,0.000000000000000000e+00
8.516966643896367595e-01,0.000000000000000000e+00
8.475919012234583994e-01,0.000000000000000000e+00
8.455762948624714337e-01,0.000000000000000000e+00
8.459380738933215405e-01,0.000000000000000000e+00
8.416923452190705479e-01,0.000000000000000000e+00
8.395911870299176405e-01,0.000000000000000000e+00
8.385531734712436958e-01,0.000000000000000000e+00
8.410640689362380851e-01,0.000000000000000000e+00
8.423358695647258365e-01,0.000000000000000000e+00
8.429804610613826910e-01,0.000000000000000000e+00
8.433072364216966932e-01,0.000000000000000000e+00
8.434728991001750886e-01,0.000000000000000000e+00
8.435568773363641970e-01,0.000000000000000000e+00
8.435994424904467159e-01,0.000000000000000000e+00
8.436210138357064237e-01,0.000000000000000000e+00
8.436319441277034814e-01,0.000000000000000000e+00
8.449888704879451318e-01,0.000000000000000000e+00
8.455905378001625783e-01,0.000000000000000000e+00
8.458532646373616570e-01,0.000000000000000000e+00
8.459656339903800504e-01,0.000000000000000000e+00
8.455830364707455082e-01,0.000000000000000000e+00
8.457605961515262116e-01,0.000000000000000000e+00
8.415140044476548953e-01,0.000000000000000000e+00
8.394569374081406465e-01,0.000000000000000000e+00
8.384634584172738769e-01,0.000000000000000000e+00
8.379847055794141797e-01,0.000000000000000000e+00
8.346635861675589796e-01,0.000000000000000000e+00
8.329900172996673735e-01,0.000000000000000000e+00
8.321476525200892649e-01,0.000000000000000000e+00
8.317239122360847725e-01,0.000000000000000000e+00
8.268934700152684725e-01,0.000000000000000000e+00
8.197688381438974492e-01,-4.501540421552836513e-01
8.347521745347512567e-01,0.000000000000000000e+00
8.462789077806989191e-01,0.000000000000000000e+00
8.506649967541957125e-01,0.000000000000000000e+00
8.519901702091876583e-01,0.000000000000000000e+00
8.480915122740375622e-01,0.000000000000000000e+00
8.421888113360130879e-01,0.000000000000000000e+00
8.392811430278688256e-01,0.000000000000000000e+00
8.351257684169755002e-01,0.000000000000000000e+00
8.330436008892665445e-01,0.000000000000000000e+00
8.281521723909907040e-01,0.000000000000000000e+00
8.269172951813235084e-01,0.000000000000000000e+00
8.262557878497517327e-01,0.000000000000000000e+00
8.220929206787344068e-01,4.233850301412285799e-01
8.342849920000283692e-01,0.000000000000000000e+00
8.352398368833067188e-01,0.000000000000000000e+00
8.356588294564668562e-01,0.000000000000000000e+00
8.358392800477870699e-01,0.000000000000000000e+00
8.359150228511182945e-01,0.000000000000000000e+00
8.400191038897943940e-01,0.000000000000000000e+00
8.420017609204244469e-01,0.000000000000000000e+00
8.416766840470284450e-01,0.000000000000000000e+00
8.456943626580799567e-01,0.000000000000000000e+00
8.395132512370704347e-01,0.000000000000000000e+00
8.446918217277530339e-01,0.000000000000000000e+00
8.472036710665502568e-01,0.000000000000000000e+00
8.523883827826383985e-01,0.000000000000000000e+00
8.510460516852625945e-01,0.000000000000000000e+00
8.502885192124144398e-01,0.000000000000000000e+00
8.499207195967386497e-01,0.000000000000000000e+00
8.510290652665479794e-01,0.000000000000000000e+00
8.474002826648675546e-01,0.000000000000000000e+00
8.443266399005909806e-01,0.000000000000000000e+00
8.428725041331579515e-01,0.000000000000000000e+00
8.421879049779966708e-01,0.000000000000000000e+00
8.418670899165212607e-01,0.000000000000000000e+00
8.417174783437658681e-01,0.000000000000000000e+00
8.416480812032913761e-01,0.000000000000000000e+00
8.416160886386898632e-01,0.000000000000000000e+00
8.416014453812781237e-01,0.000000000000000000e+00
8.423571397880652567e-01,0.000000000000000000e+00
8.420714279988074091e-01,0.000000000000000000e+00
8.418794802260010091e-01,0.000000000000000000e+00
8.458803658718327956e-01,0.000000000000000000e+00
8.478019744499910582e-01,0.000000000000000000e+00
8.487251146424968917e-01,0.000000000000000000e+00
8.491682689058470679e-01,0.000000000000000000e+00
8.480873025328066195e-01,0.000000000000000000e+00
8.517856586471443947e-01,0.000000000000000000e+00
8.513860818473040215e-01,0.000000000000000000e+00
8.461961021421803286e-01,0.000000000000000000e+00
8.436554438287524604e-01,0.000000000000000000e+00
8.467210834783990281e-01,0.000000000000000000e+00
8.482068126447389611e-01,0.000000000000000000e+00
8.489270828722804696e-01,0.000000000000000000e+00
8.492761424634875933e-01,0.000000000000000000e+00
8.494451850368845980e-01,0.000000000000000000e+00
8.495269736963040330e-01,0.000000000000000000e+00
8.495665038235675759e-01,0.000000000000000000e+00
8.512379762451267595e-01,0.000000000000000000e+00
8.492045576273135055e-01,0.000000000000000000e+00
8.482166154763961519e-01,0.000000000000000000e+00
8.477374543064718493e-01,0.000000000000000000e+00
8.475053782234999167e-01,0.000000000000000000e+00
8.473931151929090522e-01,0.000000000000000000e+00
8.521486537745572853e-01,0.000000000000000000e+00
8.510880072341728830e-01,0.000000000000000000e+00
8.502755862678178511e-01,0.000000000000000000e+00
8.499042659458126980e-01,0.000000000000000000e+00
8.497361575641994014e-01,0.000000000000000000e+00
8.496609058836583905e-01,0.000000000000000000e+00
8.496276887304883285e-01,0.000000000000000000e+00
8.466686665327770589e-01,0.000000000000000000e+00
8.451715583410577270e-01,0.000000000000000000e+00
8.444149353323321394e-01,0.000000000000000000e+00
8.396379647771613497e-01,0.000000000000000000e+00
8.400661395209412241e-01,0.000000000000000000e+00
8.417965730497993793e-01,0.000000000000000000e+00
8.426905098394315008e-01,0.000000000000000000e+00
8.431520677436187272e-01,0.000000000000000000e+00
8.433902051792531163e-01,0.000000000000000000e+00
8.435129712615668796e-01,0.000000000000000000e+00
8.435762083536242351e-01,0.000000000000000000e+00
8.436087556193426762e-01,0.000000000000000000e+00
8.436254941943113206e-01,0.000000000000000000e+00
8.436340961732914367e-01,0.000000000000000000e+00
8.436385135999422413e-01,0.000000000000000000e+00
8.436407805725515408e-01,0.000000000000000000e+00
8.436419432075332736e-01,0.000000000000000000e+00
8.436425391085289327e-01,0.000000000000000000e+00
8.426644374771075086e-01,0.000000000000000000e+00
8.430267013341787852e-01,0.000000000000000000e+00
8.432713176047613723e-01,0.000000000000000000e+00
8.434254064225770176e-01,0.000000000000000000e+00
8.435183560765789901e-01,0.000000000000000000e+00
8.435727899469926960e-01,0.000000000000000000e+00
8.392073563338029452e-01,0.000000000000000000e+00
8.384638001273286845e-01,0.000000000000000000e+00
8.380475665132774976e-01,0.000000000000000000e+00
8.378172421217823240e-01,0.000000000000000000e+00
8.331860147656424687e-01,0.000000000000000000e+00
8.309181560639128383e-01,0.000000000000000000e+00
8.251592514136206757e-01,0.000000000000000000e+00
8.301469275598806208e-01,0.000000000000000000e+00
8.294907081048147335e-01,0.000000000000000000e+00
8.291432080387177717e-01,0.000000000000000000e+00
8.334861340377669459e-01,0.000000000000000000e+00
8.355835377742351078e-01,0.000000000000000000e+00
8.365970655310943638e-01,0.000000000000000000e+00
8.370866802301323295e-01,0.000000000000000000e+00
8.373230142195126069e-01,0.000000000000000000e+00
8.374369671937675896e-01,0.000000000000000000e+00
8.374918413961276453e-01,0.000000000000000000e+00
8.375182281623682057e-01,0.000000000000000000e+00
8.375308964163969971e-01,0.000000000000000000e+00
8.375369679123861877e-01,0.000000000000000000e+00
8.366688835818386627e-01,0.000000000000000000e+00
8.369928382369804520e-01,0.000000000000000000e+00
8.372111937139542492e-01,0.000000000000000000e+00
8.328427490823003820e-01,0.000000000000000000e+00
8.307265629669147167e-01,0.000000000000000000e+00
8.297044991723362406e-01,0.000000000000000000e+00
8.292119574991795306e-01,0.000000000000000000e+00
8.303971619287000561e-01,0.000000000000000000e+00
8.309177629800833520e-01,0.000000000000000000e+00
8.265226100876370552e-01,0.000000000000000000e+00
8.243628066665149579e-01,0.000000000000000000e+00
8.233036149074353105e-01,-4.023837435226427783e-01
8.340887334665193498e-01,0.000000000000000000e+00
8.428479905862453769e-01,0.000000000000000000e+00
8.471737697899516251e-01,0.000000000000000000e+00
8.480624359523626365e-01,0.000000000000000000e+00
8.521608664629365393e-01,0.000000000000000000e+00
8.510964395425940632e-01,0.000000000000000000e+00
8.465189883210534338e-01,0.000000000000000000e+00
8.442575841394223124e-01,0.000000000000000000e+00
8.392065822659360297e-01,0.000000000000000000e+00
8.379212521889134457e-01,0.000000000000000000e+00
8.333444582111142473e-01,0.000000000000000000e+00
8.310901032042870007e-01,0.000000000000000000e+00
8.272982852717796209e-01,0.000000000000000000e+00
8.253940308011120663e-01,0.000000000000000000e+00
8.300243769445077024e-01,0.000000000000000000e+00
8.274603107561323556e-01,0.000000000000000000e+00
8.231700447278083033e-01,4.081085501686815831e-01
8.337594610527526706e-01,0.000000000000000000e+00
8.349332365413902890e-01,0.000000000000000000e+00
8.354836030046525197e-01,0.000000000000000000e+00
8.398151770796181692e-01,0.000000000000000000e+00
8.406198445305855804e-01,0.000000000000000000e+00
8.410633907220116390e-01,0.000000000000000000e+00
8.413057988231998907e-01,0.000000000000000000e+00
8.455595109485892769e-01,0.000000000000000000e+00
8.476243898557120904e-01,0.000000000000000000e+00
8.486277022069352860e-01,0.000000000000000000e+00
8.491152421242817994e-01,0.000000000000000000e+00
8.493520627431652148e-01,0.000000000000000000e+00
8.466404936040246021e-01,0.000000000000000000e+00
8.452653866569250773e-01,0.000000000000000000e+00
8.445687880337173770e-01,0.000000000000000000e+00
8.442161263617384837e-01,0.000000000000000000e+00
8.427562584516935518e-01,0.000000000000000000e+00
8.420992167283746221e-01,0.000000000000000000e+00
8.418074558207873093e-01,0.000000000000000000e+00
8.416800177843503095e-01,0.000000000000000000e+00
8.416255307504770800e-01,0.000000000000000000e+00
8.416029042342666466e-01,0.000000000000000000e+00
8.423625449402410981e-01,0.000000000000000000e+00
8.420741297088494282e-01,0.000000000000000000e+00
8.418808306116111195e-01,0.000000000000000000e+00
8.417596585759111738e-01,0.000000000000000000e+00
8.458083086044645427e-01,0.000000000000000000e+00
8.477598633549965346e-01,0.000000000000000000e+00
8.487010138560834305e-01,0.000000000000000000e+00
8.478608075540858824e-01,0.000000000000000000e+00
8.475074979097787509e-01,0.000000000000000000e+00
8.515346688650140550e-01,0.000000000000000000e+00
8.514935904434994818e-01,0.000000000000000000e+00
8.462409810273652244e-01,0.000000000000000000e+00
8.219992097505030015e-01,-4.159852409924670313e-01
8.506487819340986523e-01,0.000000000000000000e+00
8.420561280180571817e-01,0.000000000000000000e+00
8.362575331202806161e-01,0.000000000000000000e+00
8.334791432693939850e-01,0.000000000000000000e+00
8.294602007171933966e-01,0.000000000000000000e+00
8.236617599620883468e-01,4.017763269320635544e-01
8.349415896736868126e-01,0.000000000000000000e+00
8.365827593938301998e-01,0.000000000000000000e+00
8.373985901665828013e-01,0.000000000000000000e+00
8.378043708519560262e-01,0.000000000000000000e+00
8.380062543434056987e-01,0.000000000000000000e+00
8.381067078681981863e-01,0.000000000000000000e+00
8.381566943944958048e-01,0.000000000000000000e+00
8.396513406276323588e-01,0.000000000000000000e+00
8.378478908747490905e-01,0.000000000000000000e+00
8.381967667383292131e-01,0.000000000000000000e+00
8.370152763553464492e-01,0.000000000000000000e+00
8.364563555714166210e-01,0.000000000000000000e+00
8.361929635970963837e-01,0.000000000000000000e+00
8.401420063386410009e-01,0.000000000000000000e+00
8.420553803032487794e-01,0.000000000000000000e+00
8.429831045330531403e-01,0.000000000000000000e+00
8.421503397298873983e-01,0.000000000000000000e+00
8.459214419335442381e-01,0.000000000000000000e+00
8.477758325467100731e-01,0.000000000000000000e+00
8.499774989524440105e-01,0.000000000000000000e+00
8.509935335524239086e-01,0.000000000000000000e+00
8.473510085482345300e-01,0.000000000000000000e+00
8.455646549664509459e-01,0.000000000000000000e+00
8.446902416521212542e-01,0.000000000000000000e+00
8.442627278745250541e-01,0.000000000000000000e+00
8.440538899738464496e-01,0.000000000000000000e+00
8.439519468327922880e-01,0.000000000000000000e+00
8.439022165379879148e-01,0.000000000000000000e+00
8.438779725678771104e-01,0.000000000000000000e+00
8.438661611671082197e-01,0.000000000000000000e+00
8.438604106912357405e-01,0.000000000000000000e+00
8.438576130161634659e-01,0.000000000000000000e+00
8.451950322436982965e-01,0.000000000000000000e+00
8.446976438912324747e-01,0.000000000000000000e+00
8.443625065085607062e-01,0.000000000000000000e+00
8.441517881688191949e-01,0.000000000000000000e+00
8.440248819142669445e-01,0.000000000000000000e+00
8.467838129089660937e-01,0.000000000000000000e+00
8.481705147064666495e-01,0.000000000000000000e+00
8.488681289370749727e-01,0.000000000000000000e+00
8.492192299345036055e-01,0.000000000000000000e+00
8.493959679893623438e-01,0.000000000000000000e+00
8.523564523466831133e-01,0.000000000000000000e+00
8.511391117414112140e-01,0.000000000000000000e+00
8.279692591444292038e-01,0.000000000000000000e+00
8.428747268738362441e-01,0.000000000000000000e+00
8.497047857195669796e-01,0.000000000000000000e+00
8.521554040596855950e-01,0.000000000000000000e+00
8.507341955594009963e-01,0.000000000000000000e+00
8.500887919775700352e-01,0.000000000000000000e+00
8.497989676633272982e-01,0.000000000000000000e+00
8.496705475169312738e-01,0.000000000000000000e+00
8.496145914030428514e-01,0.000000000000000000e+00
8.495907402575298972e-01,0.000000000000000000e+00
8.495808772405291087e-01,0.000000000000000000e+00
8.495769763769898120e-01,0.000000000000000000e+00
8.495755409131904301e-01,0.000000000000000000e+00
8.495750804802890688e-01,0.000000000000000000e+00
8.507881983246007307e-01,0.000000000000000000e+00
8.503383458187873112e-01,0.000000000000000000e+00
8.500349801436318797e-01,0.000000000000000000e+00
8.509645813946941084e-01,0.000000000000000000e+00
8.490373024800557111e-01,0.000000000000000000e+00
8.494320367280073780e-01,0.000000000000000000e+00
8.495735036027183273e-01,0.000000000000000000e+00
8.496163256151295640e-01,0.000000000000000000e+00
8.496237827884194349e-01,0.000000000000000000e+00
8.453289227463089972e-01,0.000000000000000000e+00
8.432299732447950946e-01,0.000000000000000000e+00
8.435598173670760813e-01,0.000000000000000000e+00
8.466160543394403160e-01,0.000000000000000000e+00
8.481257882974656548e-01,0.000000000000000000e+00
8.488723247979814701e-01,0.000000000000000000e+00
8.492416377111913217e-01,0.000000000000000000e+00
8.494243672845498416e-01,0.000000000000000000e+00
8.495147807528995454e-01,0.000000000000000000e+00
8.495595146382426410e-01,0.000000000000000000e+00
8.495816457649092435e-01,0.000000000000000000e+00
8.495925935291679387e-01,0.000000000000000000e+00
8.495980085183707509e-01,0.000000000000000000e+00
8.496006865580936207e-01,0.000000000000000000e+00
8.496020108434186868e-01,0.000000000000000000e+00
8.496026656145698741e-01,0.000000000000000000e+00
8.485103853041625621e-01,0.000000000000000000e+00
8.489146639080815682e-01,0.000000000000000000e+00
8.491878128087486655e-01,0.000000000000000000e+00
8.493599398617228680e-01,0.000000000000000000e+00
8.494637981713395458e-01,0.000000000000000000e+00
8.495246326842091911e-01,0.000000000000000000e+00
8.452678202467435176e-01,0.000000000000000000e+00
8.445448067363768851e-01,0.000000000000000000e+00
8.441386254265301758e-01,0.000000000000000000e+00
8.395175310520529566e-01,0.000000000000000000e+00
8.372479923913376254e-01,0.000000000000000000e+00
8.361358473788786938e-01,0.000000000000000000e+00
8.355915996029538162e-01,0.000000000000000000e+00
8.397418083792179688e-01,0.000000000000000000e+00
8.417524656877501954e-01,0.000000000000000000e+00
8.427272817807782701e-01,0.000000000000000000e+00
8.431998370109344831e-01,0.000000000000000000e+00
8.434287816723885500e-01,0.000000000000000000e+00
8.435396084990256504e-01,0.000000000000000000e+00
8.435932035394089201e-01,0.000000000000000000e+00
8.436190926173193771e-01,0.000000000000000000e+00
8.436315829657253795e-01,0.000000000000000000e+00
8.436376009793951081e-01,0.000000000000000000e+00
8.436404963543429059e-01,0.000000000000000000e+00
8.436418871955992937e-01,0.000000000000000000e+00
8.426640086619234804e-01,0.000000000000000000e+00
8.430264868365960895e-01,0.000000000000000000e+00
8.432712103075578058e-01,0.000000000000000000e+00
8.434253527473167811e-01,0.000000000000000000e+00
8.435183292246037912e-01,0.000000000000000000e+00
8.391760710153485237e-01,0.000000000000000000e+00
8.370618146687411887e-01,0.000000000000000000e+00
8.374215317000438530e-01,0.000000000000000000e+00
8.375416692699143573e-01,0.000000000000000000e+00
8.375719173800111328e-01,0.000000000000000000e+00
8.330665541557200626e-01,0.000000000000000000e+00
8.308601800546749905e-01,0.000000000000000000e+00
8.297821564891626478e-01,0.000000000000000000e+00
8.337808123613796862e-01,0.000000000000000000e+00
8.312040800513932348e-01,0.000000000000000000e+00
8.299472513062535750e-01,0.000000000000000000e+00
8.324666381746769206e-01,0.000000000000000000e+00
8.337470613525912455e-01,0.000000000000000000e+00
8.343981382245596601e-01,0.000000000000000000e+00
8.361182418631919466e-01,0.000000000000000000e+00
8.369038591616884126e-01,0.000000000000000000e+00
8.372598338328598455e-01,0.000000000000000000e+00
8.374194828569548887e-01,0.000000000000000000e+00
8.374901525097817601e-01,0.000000000000000000e+00
8.375209115709331131e-01,0.000000000000000000e+00
8.375340028629708611e-01,0.000000000000000000e+00
8.366644968228377222e-01,0.000000000000000000e+00
8.369906440437413497e-01,0.000000000000000000e+00
8.358245028357684792e-01,0.000000000000000000e+00
8.367314818841040669e-01,0.000000000000000000e+00
8.326532488210408589e-01,0.000000000000000000e+00
8.306574592590962869e-01,0.000000000000000000e+00
8.296828757596168558e-01,0.000000000000000000e+00
8.292076351304320525e-01,0.000000000000000000e+00
8.303982728915817457e-01,0.000000000000000000e+00
8.262986056841401528e-01,0.000000000000000000e+00
8.242690736302861199e-01,0.000000000000000000e+00
8.232659741529608777e-01,-4.028829878254105434e-01
8.384381418062218927e-01,0.000000000000000000e+00
8.449555343425252385e-01,0.000000000000000000e+00
8.469421496755425993e-01,0.000000000000000000e+00
8.480072777015600360e-01,0.000000000000000000e+00
8.514954529550454732e-01,0.000000000000000000e+00
8.476196457374811644e-01,0.000000000000000000e+00
8.447933759533797771e-01,0.000000000000000000e+00
8.445860345310169937e-01,0.000000000000000000e+00
8.404762739539495264e-01,0.000000000000000000e+00
8.384472424514000100e-01,0.000000000000000000e+00
8.335545681024459919e-01,0.000000000000000000e+00
8.323374114060787532e-01,0.000000000000000000e+00
8.278371403139334062e-01,0.000000000000000000e+00
8.256202951648738964e-01,0.000000000000000000e+00
8.313612673838700617e-01,0.000000000000000000e+00
8.254057262970231346e-01,0.000000000000000000e+00
8.220882208591900886e-01,4.230551707621098556e-01
8.333841610343621920e-01,0.000000000000000000e+00
8.347538984383068295e-01,0.000000000000000000e+00
8.353980145191517437e-01,0.000000000000000000e+00
8.397746090588769086e-01,0.000000000000000000e+00
8.406005778054355115e-01,0.000000000000000000e+00
8.410542625921300086e-01,0.000000000000000000e+00
8.413014863919827668e-01,0.000000000000000000e+00
8.455574910514682685e-01,0.000000000000000000e+00
8.476234452384000528e-01,0.000000000000000000e+00
8.486272618961299141e-01,0.000000000000000000e+00
8.504029797863295048e-01,0.000000000000000000e+00
8.499204320159724491e-01,0.000000000000000000e+00
8.456115354480877588e-01,0.000000000000000000e+00
8.435262224550587051e-01,0.000000000000000000e+00
8.425201186941007059e-01,0.000000000000000000e+00
8.420358050091363289e-01,0.000000000000000000e+00
8.418031229216071942e-01,0.000000000000000000e+00
8.416915427129924021e-01,0.000000000000000000e+00
8.416381378887648479e-01,0.000000000000000000e+00
8.416126289466797639e-01,0.000000000000000000e+00
8.416004712530978926e-01,0.000000000000000000e+00
8.415946907298585966e-01,0.000000000000000000e+00
8.423522573882120668e-01,0.000000000000000000e+00
8.420689875870618346e-01,0.000000000000000000e+00
8.418782604456143126e-01,0.000000000000000000e+00
8.417583739868571557e-01,0.000000000000000000e+00
8.458076693349536601e-01,0.000000000000000000e+00
8.477595445720388367e-01,0.000000000000000000e+00
8.487008547308761974e-01,0.000000000000000000e+00
8.478607279451213508e-01,0.000000000000000000e+00
8.516765588448416135e-01,0.000000000000000000e+00
8.514390143305782255e-01,0.000000000000000000e+00
8.462218225457389664e-01,0.000000000000000000e+00
8.436678919629952977e-01,0.000000000000000000e+00
8.348839838699028126e-01,0.000000000000000000e+00
8.426107173633511360e-01,0.000000000000000000e+00
8.462821613072113447e-01,0.000000000000000000e+00
8.480283870000027147e-01,0.000000000000000000e+00
8.488582454831905544e-01,0.000000000000000000e+00
8.492518846643084540e-01,0.000000000000000000e+00
8.494381328441962253e-01,0.000000000000000000e+00
8.512971655057324227e-01,0.000000000000000000e+00
8.492319108979741182e-01,0.000000000000000000e+00
8.482291520227241977e-01,0.000000000000000000e+00
8.477431482069284208e-01,0.000000000000000000e+00
8.475079370627851549e-01,0.000000000000000000e+00
8.473942503784099856e-01,0.000000000000000000e+00
8.515103060827784454e-01,0.000000000000000000e+00
8.506243014117678136e-01,0.000000000000000000e+00
8.499726440529847826e-01,0.000000000000000000e+00
8.497172000549506610e-01,0.000000000000000000e+00
8.496248124669145696e-01,0.000000000000000000e+00
8.495963212990187419e-01,0.000000000000000000e+00
8.509100643101739081e-01,0.000000000000000000e+00
8.472349381320554151e-01,0.000000000000000000e+00
8.454165003147297019e-01,0.000000000000000000e+00
8.415040786081076085e-01,0.000000000000000000e+00
8.395338307428333868e-01,0.000000000000000000e+00
8.385429991945105854e-01,0.000000000000000000e+00
8.380450595340832587e-01,0.000000000000000000e+00
8.364099786364938005e-01,0.000000000000000000e+00
8.400796343352028295e-01,0.000000000000000000e+00
8.418862927337200652e-01,0.000000000000000000e+00
8.427767783407397184e-01,0.000000000000000000e+00
8.432159011878010979e-01,0.000000000000000000e+00
8.434324753931452534e-01,0.000000000000000000e+00
8.435392861759311023e-01,0.000000000000000000e+00
8.435919573950968475e-01,0.000000000000000000e+00
8.436179267771430901e-01,0.000000000000000000e+00
8.436307285070360207e-01,0.000000000000000000e+00
8.436370379003168551e-01,0.000000000000000000e+00
8.436401468491576683e-01,0.000000000000000000e+00
8.436416784397099411e-01,0.000000000000000000e+00
8.426639525904968675e-01,0.000000000000000000e+00
8.443780691704729779e-01,0.000000000000000000e+00
8.438717429613208365e-01,0.000000000000000000e+00
8.406721450548904073e-01,0.000000000000000000e+00
8.390885573483157778e-01,0.000000000000000000e+00
8.383058348002461191e-01,0.000000000000000000e+00
8.334156157848457980e-01,0.000000000000000000e+00
8.310252501881087994e-01,0.000000000000000000e+00
8.357723120775596426e-01,0.000000000000000000e+00
8.335342020736047353e-01,0.000000000000000000e+00
8.324143891792700201e-01,0.000000000000000000e+00
8.272387986395597359e-01,0.000000000000000000e+00
8.293322674233836178e-01,0.000000000000000000e+00
8.303458622664899869e-01,0.000000000000000000e+00
8.308365110914990304e-01,0.000000000000000000e+00
8.296539135264547893e-01,0.000000000000000000e+00
8.291336922771985751e-01,0.000000000000000000e+00
8.289093779692618957e-01,0.000000000000000000e+00
8.333417042603653568e-01,0.000000000000000000e+00
8.354975400948749797e-01,0.000000000000000000e+00
8.365471603325966843e-01,0.000000000000000000e+00
8.384437663234785010e-01,0.000000000000000000e+00
8.393075409842272183e-01,0.000000000000000000e+00
8.396976600655658984e-01,0.000000000000000000e+00
8.398719419901226058e-01,0.000000000000000000e+00
8.354798786582786629e-01,0.000000000000000000e+00
8.327875201245347192e-01,0.000000000000000000e+00
8.319429098615691576e-01,0.000000000000000000e+00
8.315697021817564094e-01,0.000000000000000000e+00
8.314077739522889310e-01,0.000000000000000000e+00
8.313391778128985665e-01,0.000000000000000000e+00
8.266929314984037269e-01,0.000000000000000000e+00
8.244273719050296823e-01,0.000000000000000000e+00
8.247810899321570410e-01,0.000000000000000000e+00
8.295016477557168866e-01,0.000000000000000000e+00
8.224440546072748770e-01,-4.142465958853734365e-01
8.337174860499141360e-01,0.000000000000000000e+00
8.379427555490598367e-01,0.000000000000000000e+00
8.359834175150855362e-01,0.000000000000000000e+00
8.437907291929067632e-01,0.000000000000000000e+00
8.476445844154257836e-01,0.000000000000000000e+00
8.482984136351384707e-01,0.000000000000000000e+00
8.520455241584523609e-01,0.000000000000000000e+00
8.470537454508422215e-01,0.000000000000000000e+00
8.445546621140915811e-01,0.000000000000000000e+00
8.433057208179806086e-01,0.000000000000000000e+00
8.387440675373551979e-01,0.000000000000000000e+00
8.376977375020004946e-01,0.000000000000000000e+00
8.332361168526145612e-01,0.000000000000000000e+00
8.310377734033308483e-01,0.000000000000000000e+00
8.272730027519741292e-01,0.000000000000000000e+00
8.309459521458139042e-01,0.000000000000000000e+00
8.279202966505023742e-01,0.000000000000000000e+00
8.260514029290660920e-01,0.000000000000000000e+00
8.222880040141904434e-01,4.204227239568767427e-01
8.333879119401023106e-01,0.000000000000000000e+00
8.347205465222733434e-01,0.000000000000000000e+00
8.394399106982912695e-01,0.000000000000000000e+00
8.404345544417869407e-01,0.000000000000000000e+00
8.409718848980274331e-01,0.000000000000000000e+00
8.412606064882949264e-01,0.000000000000000000e+00
8.455372928494521156e-01,0.000000000000000000e+00
8.476134445946201801e-01,0.000000000000000000e+00
8.473274010846542081e-01,0.000000000000000000e+00
8.498310448424507557e-01,0.000000000000000000e+00
8.496721141098677599e-01,0.000000000000000000e+00
8.496081398369660365e-01,0.000000000000000000e+00
8.495838989053355883e-01,0.000000000000000000e+00
8.454726457052431643e-01,0.000000000000000000e+00
8.434717626824207448e-01,0.000000000000000000e+00
8.425004439005279178e-01,0.000000000000000000e+00
8.420297575026797210e-01,0.000000000000000000e+00
8.418019961849166899e-01,0.000000000000000000e+00
8.416919280143687621e-01,0.000000000000000000e+00
8.416388047722568322e-01,0.000000000000000000e+00
8.416131994165260144e-01,0.000000000000000000e+00
8.416008749506298514e-01,0.000000000000000000e+00
8.423556018501886511e-01,0.000000000000000000e+00
8.420706592775413224e-01,0.000000000000000000e+00
8.460003701673973753e-01,0.000000000000000000e+00
8.478741760135688477e-01,0.000000000000000000e+00
8.474725680618870882e-01,0.000000000000000000e+00
8.473260805368678650e-01,0.000000000000000000e+00
8.514508091027213066e-01,0.000000000000000000e+00
8.515325032479903467e-01,0.000000000000000000e+00
8.505459176027685420e-01,0.000000000000000000e+00
8.471201599449198483e-01,0.000000000000000000e+00
8.453931309752551471e-01,0.000000000000000000e+00
8.445235437669594836e-01,0.000000000000000000e+00
8.483607880319831152e-01,0.000000000000000000e+00
8.488922508630609709e-01,0.000000000000000000e+00
8.492028249822438646e-01,0.000000000000000000e+00
8.493805654033999009e-01,0.000000000000000000e+00
8.494806753808982203e-01,0.000000000000000000e+00
8.495363558264056314e-01,0.000000000000000000e+00
8.495670112396879192e-01,0.000000000000000000e+00
8.495837476655938580e-01,0.000000000000000000e+00
8.495928207655994990e-01,0.000000000000000000e+00
8.495977100119176395e-01,0.000000000000000000e+00
8.509195010661553260e-01,0.000000000000000000e+00
8.515039081334362381e-01,0.000000000000000000e+00
8.517581474389585017e-01,0.000000000000000000e+00
8.512843133799576911e-01,0.000000000000000000e+00
8.515443286395830702e-01,0.000000000000000000e+00
8.474502663938401348e-01,0.000000000000000000e+00
8.454725476626308023e-01,0.000000000000000000e+00
8.445201922274891970e-01,0.000000000000000000e+00
8.440627051394085090e-01,0.000000000000000000e+00
8.438434122464084641e-01,0.000000000000000000e+00
8.407222579554534114e-01,0.000000000000000000e+00
8.391459426149637801e-01,0.000000000000000000e+00
8.383507312753052387e-01,0.000000000000000000e+00
8.379498049848912444e-01,0.000000000000000000e+00
8.377477334644041207e-01,0.000000000000000000e+00
8.204162963610073245e-01,-4.383066983211605927e-01
8.430040161594311021e-01,0.000000000000000000e+00
8.512690723056924869e-01,0.000000000000000000e+00
8.475708696146415644e-01,0.000000000000000000e+00
8.418484571210204104e-01,0.000000000000000000e+00
8.402416892592523556e-01,0.000000000000000000e+00
8.355143515290639478e-01,0.000000000000000000e+00
8.331913508315633710e-01,0.000000000000000000e+00
8.282032406394013169e-01,0.000000000000000000e+00
8.269311735115436601e-01,0.000000000000000000e+00
8.224477689322324814e-01,4.184784447698126075e-01
8.333006802981890448e-01,0.000000000000000000e+00
8.346023576649668207e-01,0.000000000000000000e+00
8.352674850236962989e-01,0.000000000000000000e+00
8.365301753798761730e-01,0.000000000000000000e+00
8.363612469270516048e-01,0.000000000000000000e+00
8.362191144347144167e-01,0.000000000000000000e+00
8.361192478157863928e-01,0.000000000000000000e+00
8.401280242713906610e-01,0.000000000000000000e+00
8.420596984870689639e-01,0.000000000000000000e+00
8.429908898329134814e-01,0.000000000000000000e+00
8.462740759022369108e-01,0.000000000000000000e+00
8.479188964016032282e-01,0.000000000000000000e+00
8.487438503723863104e-01,0.000000000000000000e+00
8.491578322358912523e-01,0.000000000000000000e+00
8.514441743305920518e-01,0.000000000000000000e+00
8.514993051192670803e-01,0.000000000000000000e+00
8.505067923169341570e-01,0.000000000000000000e+00
8.500256251708599997e-01,0.000000000000000000e+00
8.497926842093876942e-01,0.000000000000000000e+00
8.496800566879458838e-01,0.000000000000000000e+00
8.455228473535157940e-01,0.000000000000000000e+00
8.434978819224757673e-01,0.000000000000000000e+00
8.425140016073134897e-01,0.000000000000000000e+00
8.420367825155578023e-01,0.000000000000000000e+00
8.418056310126743602e-01,0.000000000000000000e+00
8.416938063833503403e-01,0.000000000000000000e+00
8.416397743754919780e-01,0.000000000000000000e+00
8.416136994092238144e-01,0.000000000000000000e+00
8.423626667047037220e-01,0.000000000000000000e+00
8.420741905716502274e-01,0.000000000000000000e+00
8.460021276154204850e-01,0.000000000000000000e+00
8.478750524399304433e-01,0.000000000000000000e+00
8.487677541901411660e-01,0.000000000000000000e+00
8.491926396698691315e-01,0.000000000000000000e+00
8.493944494369183307e-01,0.000000000000000000e+00
8.481968457178528098e-01,0.000000000000000000e+00
8.518383496337750271e-01,0.000000000000000000e+00
8.513605447223633327e-01,0.000000000000000000e+00
8.461837095934289232e-01,0.000000000000000000e+00
8.436494544586027322e-01,0.000000000000000000e+00
8.379855287849446999e-01,0.000000000000000000e+00
8.439771906790706213e-01,0.000000000000000000e+00
8.468769278245896759e-01,0.000000000000000000e+00
8.482823511048716014e-01,0.000000000000000000e+00
8.489636908935374038e-01,0.000000000000000000e+00
8.492938729254989605e-01,0.000000000000000000e+00
8.494537650615545665e-01,0.000000000000000000e+00
8.495311214255152343e-01,0.000000000000000000e+00
8.512549541699944156e-01,0.000000000000000000e+00
8.492127522710868348e-01,0.000000000000000000e+00
8.482205607212632836e-01,0.000000000000000000e+00
8.477393497453047377e-01,0.000000000000000000e+00
8.475062870898544265e-01,0.000000000000000000e+00
8.522103765210913284e-01,0.000000000000000000e+00
8.510570439765891004e-01,0.000000000000000000e+00
8.502600811154819027e-01,0.000000000000000000e+00
8.498965051472266996e-01,0.000000000000000000e+00
8.497322738747625781e-01,0.000000000000000000e+00
8.496589625828128156e-01,0.000000000000000000e+00
8.496267163950332879e-01,0.000000000000000000e+00
8.466681787330692099e-01,0.000000000000000000e+00
8.451713139554930532e-01,0.000000000000000000e+00
8.486882487959233057e-01,0.000000000000000000e+00
8.417288579141439797e-01,0.000000000000000000e+00
8.383182010281177154e-01,0.000000000000000000e+00
8.274537940608445163e-01,0.000000000000000000e+00
8.344409191009451998e-01,0.000000000000000000e+00
8.392427236851895955e-01,0.000000000000000000e+00
8.415401403618371079e-01,0.000000000000000000e+00
8.426395296343729413e-01,0.000000000000000000e+00
8.431651256641649050e-01,0.000000000000000000e+00
8.434160011134217427e-01,0.000000000000000000e+00
8.435355050124871967e-01,0.000000000000000000e+00
8.435922954309150734e-01,0.000000000000000000e+00
8.436192106322690787e-01,0.000000000000000000e+00
8.436319281615921595e-01,0.000000000000000000e+00
8.436379167541541158e-01,0.000000000000000000e+00
8.436407258726058567e-01,0.000000000000000000e+00
8.436420377916385993e-01,0.000000000000000000e+00
8.426640329682167918e-01,0.000000000000000000e+00
8.430264989948387244e-01,0.000000000000000000e+00
8.432712163894241497e-01,0.000000000000000000e+00
8.434253557897585241e-01,0.000000000000000000e+00
8.435183307466387337e-01,0.000000000000000000e+00
8.391760717802578817e-01,0.000000000000000000e+00
8.370618150523179146e-01,0.000000000000000000e+00
8.374215318918478701e-01,0.000000000000000000e+00
8.375416693658501721e-01,0.000000000000000000e+00
8.375719174280015222e-01,0.000000000000000000e+00
8.330665541798376594e-01,0.000000000000000000e+00
8.336961245952163591e-01,0.000000000000000000e+00
8.355655555048646654e-01,0.000000000000000000e+00
8.320171570593730692e-01,0.000000000000000000e+00
8.303131986188484470e-01,0.000000000000000000e+00
8.340208138797287063e-01,0.000000000000000000e+00
8.344376209677590861e-01,0.000000000000000000e+00
8.360889766758085040e-01,0.000000000000000000e+00
8.368648094246809999e-01,0.000000000000000000e+00
8.372281124620220005e-01,0.000000000000000000e+00
8.373975238838959889e-01,0.000000000000000000e+00
8.374761227353770821e-01,0.000000000000000000e+00
8.375123707748906021e-01,0.000000000000000000e+00
8.375289690994185410e-01,0.000000000000000000e+00
8.375365051840730768e-01,0.000000000000000000e+00
8.375398915217229234e-01,0.000000000000000000e+00
8.366701777820011454e-01,0.000000000000000000e+00
8.369934855779858074e-01,0.000000000000000000e+00
8.372115175149995592e-01,0.000000000000000000e+00
8.328429117978528584e-01,0.000000000000000000e+00
8.307266445563381563e-01,0.000000000000000000e+00
8.297045400407611071e-01,0.000000000000000000e+00
8.292119779601443419e-01,0.000000000000000000e+00
8.303971721516646420e-01,0.000000000000000000e+00
8.354106795517052264e-01,0.000000000000000000e+00
8.287204563259541468e-01,0.000000000000000000e+00
8.254341296455756094e-01,0.000000000000000000e+00
8.238246984539001616e-01,0.000000000000000000e+00
8.276746417285240076e-01,0.000000000000000000e+00
8.295404796065548592e-01,0.000000000000000000e+00
8.304452290483975707e-01,0.000000000000000000e+00
8.308838514842847855e-01,0.000000000000000000e+00
8.296764671918599454e-01,0.000000000000000000e+00
8.305657687427676628e-01,0.000000000000000000e+00
8.309703748373170606e-01,0.000000000000000000e+00
8.311527538577496710e-01,0.000000000000000000e+00
8.312340001384470600e-01,0.000000000000000000e+00
8.312696543671478366e-01,0.000000000000000000e+00
8.312849969210666101e-01,0.000000000000000000e+00
8.312914255519076034e-01,0.000000000000000000e+00
8.312940182945305345e-01,0.000000000000000000e+00
8.305248729576307776e-01,0.000000000000000000e+00
8.308106329279305591e-01,0.000000000000000000e+00
8.263844338033332626e-01,0.000000000000000000e+00
8.242511103283345353e-01,0.000000000000000000e+00
8.232264037396639367e-01,-4.034675295635140047e-01
8.371173432540900405e-01,0.000000000000000000e+00
8.401105931970122009e-01,0.000000000000000000e+00
8.416232470987782266e-01,0.000000000000000000e+00
8.466353154732685349e-01,0.000000000000000000e+00
8.490832397300208667e-01,0.000000000000000000e+00
8.502804535378982731e-01,0.000000000000000000e+00
8.508662247728148165e-01,0.000000000000000000e+00
8.499021361253702445e-01,0.000000000000000000e+00
8.512672632989072286e-01,0.000000000000000000e+00
8.506544191591089987e-01,0.000000000000000000e+00
8.462994772408348743e-01,0.000000000000000000e+00
8.413902629897708207e-01,0.000000000000000000e+00
8.389320537677646961e-01,0.000000000000000000e+00
8.377032861934192720e-01,0.000000000000000000e+00
8.343608221928899837e-01,0.000000000000000000e+00
8.288266645922439668e-01,0.000000000000000000e+00
8.261026506954338711e-01,0.000000000000000000e+00
8.247650761077740533e-01,0.000000000000000000e+00
8.214566730236122494e-01,4.320489163254220832e-01
8.317432011280938564e-01,0.000000000000000000e+00
8.367335526156370884e-01,0.000000000000000000e+00
8.398492197815482507e-01,0.000000000000000000e+00
8.408186079917909783e-01,0.000000000000000000e+00
8.412534724055966695e-01,0.000000000000000000e+00
8.414461460503703805e-01,0.000000000000000000e+00
8.415301404494393012e-01,0.000000000000000000e+00
8.415659759172871013e-01,0.000000000000000000e+00
8.457026063986796682e-01,0.000000000000000000e+00
8.464057549124150981e-01,0.000000000000000000e+00
8.468021852174472119e-01,0.000000000000000000e+00
8.470228483869363112e-01,0.000000000000000000e+00
8.513160374255945850e-01,0.000000000000000000e+00
8.515921933066682437e-01,0.000000000000000000e+00
8.505718256303735902e-01,0.000000000000000000e+00
8.507516834516604121e-01,0.000000000000000000e+00
8.489681110324904800e-01,0.000000000000000000e+00
8.481018710387299153e-01,0.000000000000000000e+00
8.476818517690658528e-01,0.000000000000000000e+00
8.474784687694847385e-01,0.000000000000000000e+00
8.473801079277182291e-01,0.000000000000000000e+00
8.473325965831079998e-01,0.000000000000000000e+00
8.473096761598699622e-01,0.000000000000000000e+00
8.472986336542234209e-01,0.000000000000000000e+00
8.472933212306072992e-01,0.000000000000000000e+00
8.472907694064186757e-01,0.000000000000000000e+00
8.472895456710867190e-01,0.000000000000000000e+00
8.479206546783079057e-01,0.000000000000000000e+00
8.476862454356139942e-01,0.000000000000000000e+00
8.516989936179470977e-01,0.000000000000000000e+00
8.513743116383734044e-01,0.000000000000000000e+00
8.504496513124005785e-01,0.000000000000000000e+00
8.500067614915179925e-01,0.000000000000000000e+00
8.511138916251813624e-01,0.000000000000000000e+00
8.473366951805850755e-01,0.000000000000000000e+00
8.454672063379692348e-01,0.000000000000000000e+00
8.415293923647249041e-01,0.000000000000000000e+00
8.395464444530733594e-01,0.000000000000000000e+00
8.385492785764319112e-01,0.000000000000000000e+00
8.335450201493849187e-01,0.000000000000000000e+00
8.400003107823221793e-01,0.000000000000000000e+00
8.417641942241875785e-01,0.000000000000000000e+00
8.426745754925725196e-01,0.000000000000000000e+00
8.431442248915745896e-01,0.000000000000000000e+00
8.433863451122498578e-01,0.000000000000000000e+00
8.435110717122112911e-01,0.000000000000000000e+00
8.435752737757645781e-01,0.000000000000000000e+00
8.436082959195595476e-01,0.000000000000000000e+00
8.436252681377613971e-01,0.000000000000000000e+00
8.449853791157611038e-01,0.000000000000000000e+00
8.455887143576241716e-01,0.000000000000000000e+00
8.458523137765037170e-01,0.000000000000000000e+00
8.459651389257609733e-01,0.000000000000000000e+00
8.455828168334027506e-01,0.000000000000000000e+00
8.457604863176968468e-01,0.000000000000000000e+00
8.458747874361567387e-01,0.000000000000000000e+00
8.415839339694098920e-01,0.000000000000000000e+00
8.394983126457928879e-01,0.000000000000000000e+00
8.384873472372765812e-01,0.000000000000000000e+00
8.334951922610346342e-01,0.000000000000000000e+00
8.324771912975116317e-01,0.000000000000000000e+00
8.364149545703862820e-01,0.000000000000000000e+00
8.338169641207665572e-01,0.000000000000000000e+00
8.279239928635602208e-01,0.000000000000000000e+00
8.250373394703065522e-01,0.000000000000000000e+00
8.282611116492406556e-01,0.000000000000000000e+00
8.298243329591574735e-01,0.000000000000000000e+00
8.305825947642611062e-01,0.000000000000000000e+00
8.309502842420496416e-01,0.000000000000000000e+00
8.311284623155356099e-01,0.000000000000000000e+00
8.312147301258805410e-01,0.000000000000000000e+00
8.312564559259685293e-01,0.000000000000000000e+00
8.312766151876417320e-01,0.000000000000000000e+00
8.312863430078233362e-01,0.000000000000000000e+00
8.312910309700104472e-01,0.000000000000000000e+00
8.312932869448181883e-01,0.000000000000000000e+00
8.312943709103162160e-01,0.000000000000000000e+00
8.312948908721045083e-01,0.000000000000000000e+00
8.312951398373953360e-01,0.000000000000000000e+00
8.305263115826180265e-01,0.000000000000000000e+00
8.261925723923948528e-01,0.000000000000000000e+00
8.241302595808817077e-01,0.000000000000000000e+00
8.246092360216077388e-01,0.000000000000000000e+00
8.248006148918107794e-01,0.000000000000000000e+00
8.248722925716334142e-01,0.000000000000000000e+00
8.248961311590214951e-01,0.000000000000000000e+00
8.201667851398768416e-01,-4.451891142786069677e-01
8.329956275366865448e-01,0.000000000000000000e+00
8.336858108592531957e-01,0.000000000000000000e+00
8.384785262623475344e-01,0.000000000000000000e+00
8.408475255739954468e-01,0.000000000000000000e+00
8.407347486415127635e-01,0.000000000000000000e+00
8.450224505785531859e-01,0.000000000000000000e+00
8.512966450774914762e-01,0.000000000000000000e+00
8.517462452121061789e-01,0.000000000000000000e+00
8.468221311266810325e-01,0.000000000000000000e+00
8.416400237499492842e-01,0.000000000000000000e+00
8.390508108892547057e-01,0.000000000000000000e+00
8.377595269204036743e-01,0.000000000000000000e+00
8.343874377444431278e-01,0.000000000000000000e+00
8.326863701516737937e-01,0.000000000000000000e+00
8.279789021659577086e-01,0.000000000000000000e+00
8.256745398665197300e-01,0.000000000000000000e+00
8.257102948455483649e-01,0.000000000000000000e+00
8.277933943318199761e-01,0.000000000000000000e+00
8.236744912015424580e-01,4.008422622487318177e-01
8.353663170563480067e-01,0.000000000000000000e+00
8.370100610328203850e-01,0.000000000000000000e+00
8.377193117766769115e-01,0.000000000000000000e+00
8.380181686341756642e-01,0.000000000000000000e+00
8.381398407248523696e-01,0.000000000000000000e+00
8.381868322689262074e-01,0.000000000000000000e+00
8.409997632144854407e-01,0.000000000000000000e+00
8.383548420516493405e-01,0.000000000000000000e+00
8.411617971278012584e-01,0.000000000000000000e+00
8.425357974213570911e-01,0.000000000000000000e+00
8.432088364569552130e-01,0.000000000000000000e+00
8.448150296298660988e-01,0.000000000000000000e+00
8.442632267124781098e-01,0.000000000000000000e+00
8.440231712952319665e-01,0.000000000000000000e+00
8.411319852763733396e-01,0.000000000000000000e+00
8.396767755004540534e-01,0.000000000000000000e+00
8.389450845270202128e-01,0.000000000000000000e+00
8.385773792920823144e-01,0.000000000000000000e+00
8.383926434468835787e-01,0.000000000000000000e+00
8.382998458692125787e-01,0.000000000000000000e+00
8.382532353638798561e-01,0.000000000000000000e+00
8.369594130960339440e-01,0.000000000000000000e+00
8.376581562635293521e-01,0.000000000000000000e+00
8.379697224248744414e-01,0.000000000000000000e+00
8.395046877000746921e-01,0.000000000000000000e+00
8.377744874346969572e-01,0.000000000000000000e+00
8.368884553631305012e-01,0.000000000000000000e+00
8.364352117994029445e-01,0.000000000000000000e+00
8.362035401256420197e-01,0.000000000000000000e+00
8.401579739843543226e-01,0.000000000000000000e+00
8.420686661448537613e-01,0.000000000000000000e+00
8.429923906418257396e-01,0.000000000000000000e+00
8.421563039989916621e-01,0.000000000000000000e+00
8.459250802658835333e-01,0.000000000000000000e+00
8.477779801620626277e-01,0.000000000000000000e+00
8.460947717053763917e-01,0.000000000000000000e+00
8.515054920146660766e-01,0.000000000000000000e+00
8.522330294980378085e-01,0.000000000000000000e+00
8.523460016984297782e-01,0.000000000000000000e+00
8.521178885037685724e-01,0.000000000000000000e+00
8.478862359204307753e-01,0.000000000000000000e+00
8.458181480955742071e-01,0.000000000000000000e+00
8.448097791477013896e-01,0.000000000000000000e+00
8.443188589231311880e-01,0.000000000000000000e+00
8.440801297353272004e-01,0.000000000000000000e+00
8.439641526317610554e-01,0.000000000000000000e+00
8.439078623209563812e-01,0.000000000000000000e+00
8.438805669848025159e-01,0.000000000000000000e+00
8.438673442081524589e-01,0.000000000000000000e+00
8.452003800961014335e-01,0.000000000000000000e+00
8.447003162916491004e-01,0.000000000000000000e+00
8.443638418888655961e-01,0.000000000000000000e+00
8.441524554076476061e-01,0.000000000000000000e+00
8.440252152909709649e-01,0.000000000000000000e+00
8.480758004794386462e-01,0.000000000000000000e+00
8.487401436441599500e-01,0.000000000000000000e+00
8.491149710545031759e-01,0.000000000000000000e+00
8.493237224773730887e-01,0.000000000000000000e+00
8.453352875685772316e-01,0.000000000000000000e+00
8.516969609244667838e-01,0.000000000000000000e+00
8.502013089931713674e-01,0.000000000000000000e+00
8.399311689719541896e-01,0.000000000000000000e+00
8.479304621546751575e-01,0.000000000000000000e+00
8.517964523142528277e-01,0.000000000000000000e+00
8.513288664538349870e-01,0.000000000000000000e+00
8.504239869924791195e-01,0.000000000000000000e+00
8.499854513570958003e-01,0.000000000000000000e+00
8.497732166582183666e-01,0.000000000000000000e+00
8.496706336335858589e-01,0.000000000000000000e+00
8.455182691805928075e-01,0.000000000000000000e+00
8.434956650182524607e-01,0.000000000000000000e+00
8.425129305438681104e-01,0.000000000000000000e+00
8.420362659797349103e-01,0.000000000000000000e+00
8.418053823113448297e-01,0.000000000000000000e+00
8.416936868309199404e-01,0.000000000000000000e+00
8.465280917618058787e-01,0.000000000000000000e+00
8.482115395065142893e-01,0.000000000000000000e+00
8.489727010265796237e-01,0.000000000000000000e+00
8.493134539515100334e-01,0.000000000000000000e+00
8.513457279582019588e-01,0.000000000000000000e+00
8.492382507141299497e-01,0.000000000000000000e+00
8.524220199666804332e-01,0.000000000000000000e+00
8.510882839262070565e-01,0.000000000000000000e+00
8.503834632567655039e-01,0.000000000000000000e+00
8.457221355530739615e-01,0.000000000000000000e+00
8.434328965594639627e-01,0.000000000000000000e+00
8.423111720151877924e-01,0.000000000000000000e+00
8.460715931081870256e-01,0.000000000000000000e+00
8.478927612830182703e-01,0.000000000000000000e+00
8.487752567964618189e-01,0.000000000000000000e+00
8.478821334278332511e-01,0.000000000000000000e+00
8.475035722981227870e-01,0.000000000000000000e+00
8.473484901454373386e-01,0.000000000000000000e+00
8.472880994264441190e-01,0.000000000000000000e+00
8.472664948593011669e-01,0.000000000000000000e+00
8.514700393532727007e-01,0.000000000000000000e+00
8.514891414152836457e-01,0.000000000000000000e+00
8.492118464546688505e-01,0.000000000000000000e+00
8.481607838596970650e-01,0.000000000000000000e+00
8.489745634274306063e-01,0.000000000000000000e+00
8.517877503113630011e-01,0.000000000000000000e+00
8.505553812526113200e-01,0.000000000000000000e+00
8.486902709196937344e-01,0.000000000000000000e+00
8.491869626638849367e-01,0.000000000000000000e+00
8.494151909311348225e-01,0.000000000000000000e+00
8.495192737618357803e-01,0.000000000000000000e+00
8.495663036957700198e-01,0.000000000000000000e+00
8.452956315488588945e-01,0.000000000000000000e+00
8.445622017843800178e-01,0.000000000000000000e+00
8.441490673839127101e-01,0.000000000000000000e+00
8.439193075005688716e-01,0.000000000000000000e+00
8.464943371963534746e-01,0.000000000000000000e+00
8.435761925695851593e-01,0.000000000000000000e+00
8.422603059961252248e-01,0.000000000000000000e+00
8.416753437848303321e-01,0.000000000000000000e+00
8.414196710203993845e-01,0.000000000000000000e+00
8.456215405425410170e-01,0.000000000000000000e+00
8.476651642820497434e-01,0.000000000000000000e+00
8.443638174620727854e-01,0.000000000000000000e+00
8.427555267003518091e-01,0.000000000000000000e+00
8.462818879109021974e-01,0.000000000000000000e+00
8.479922019562313729e-01,0.000000000000000000e+00
8.488221776087090387e-01,0.000000000000000000e+00
8.492248679882261619e-01,0.000000000000000000e+00
8.494201318674933221e-01,0.000000000000000000e+00
8.441182979038461820e-01,0.000000000000000000e+00
8.424785399278179598e-01,0.000000000000000000e+00
8.417577963447553380e-01,0.000000000000000000e+00
8.414475049349192659e-01,0.000000000000000000e+00
8.413175212164778483e-01,0.000000000000000000e+00
8.412651427450188457e-01,0.000000000000000000e+00
8.426003378163047230e-01,0.000000000000000000e+00
8.387946840526561143e-01,0.000000000000000000e+00
8.369107099135995043e-01,0.000000000000000000e+00
8.359795127172806595e-01,0.000000000000000000e+00
8.355196431949776237e-01,0.000000000000000000e+00
8.352926556526709678e-01,0.000000000000000000e+00
8.259670061554698073e-01,0.000000000000000000e+00
8.292558970531795914e-01,0.000000000000000000e+00
8.323061996500197290e-01,0.000000000000000000e+00
8.337589166662485729e-01,0.000000000000000000e+00
8.388709663874911460e-01,0.000000000000000000e+00
8.413386044028260402e-01,0.000000000000000000e+00
8.425308531895800979e-01,0.000000000000000000e+00
8.431068103822060289e-01,0.000000000000000000e+00
8.433848482593363505e-01,0.000000000000000000e+00
8.435189289233007148e-01,0.000000000000000000e+00
8.435835068722479235e-01,0.000000000000000000e+00
8.436145658457684382e-01,0.000000000000000000e+00
8.436294804136647008e-01,0.000000000000000000e+00
8.436366301585286331e-01,0.000000000000000000e+00
8.426610158186771393e-01,0.000000000000000000e+00
8.430249897880625065e-01,0.000000000000000000e+00
8.432704614456941750e-01,0.000000000000000000e+00
8.434249781303957416e-01,0.000000000000000000e+00
8.391213267826942435e-01,0.000000000000000000e+00
8.370304231889640345e-01,0.000000000000000000e+00
8.360173894252398430e-01,0.000000000000000000e+00
8.369150192319274595e-01,0.000000000000000000e+00
8.372961405760580567e-01,0.000000000000000000e+00
8.329465328525785806e-01,0.000000000000000000e+00
8.308093303252827022e-01,0.000000000000000000e+00
8.326017569083192793e-01,0.000000000000000000e+00
8.305192516364794386e-01,0.000000000000000000e+00
8.295572788337921555e-01,0.000000000000000000e+00
8.291165289358530810e-01,0.000000000000000000e+00
8.274935194568642238e-01,0.000000000000000000e+00
8.313264822014844180e-01,0.000000000000000000e+00
8.332193259592012291e-01,0.000000000000000000e+00
8.341552096999738097e-01,0.000000000000000000e+00
8.346181973981101621e-01,0.000000000000000000e+00
8.348472906163195706e-01,0.000000000000000000e+00
8.349606551531946197e-01,0.000000000000000000e+00
8.350167505929571021e-01,0.000000000000000000e+00
8.364329753794961242e-01,0.000000000000000000e+00
8.356772742682126998e-01,0.000000000000000000e+00
8.353368076098733885e-01,0.000000000000000000e+00
8.351881889725463193e-01,0.000000000000000000e+00
8.362524680458613968e-01,0.000000000000000000e+00
8.354546579832228259e-01,0.000000000000000000e+00
8.351591092285314266e-01,0.000000000000000000e+00
8.319391150815030889e-01,0.000000000000000000e+00
8.303373629174146675e-01,0.000000000000000000e+00
8.295415349013792738e-01,0.000000000000000000e+00
8.291463728220905827e-01,0.000000000000000000e+00
8.348692086579011518e-01,0.000000000000000000e+00
8.284869248585892132e-01,0.000000000000000000e+00
8.253366240115718178e-01,0.000000000000000000e+00
8.237857224029688785e-01,0.000000000000000000e+00
8.262333933290061383e-01,0.000000000000000000e+00
8.274755861570630699e-01,0.000000000000000000e+00
8.281063242734674201e-01,0.000000000000000000e+00
8.284266366573755924e-01,0.000000000000000000e+00
8.285892972919767230e-01,0.000000000000000000e+00
8.286718888310761200e-01,0.000000000000000000e+00
8.287138177979479492e-01,0.000000000000000000e+00
8.287350996783694468e-01,0.000000000000000000e+00
8.332730473383724856e-01,0.000000000000000000e+00
8.354722977949525786e-01,0.000000000000000000e+00
8.365390496507727480e-01,0.000000000000000000e+00
8.370564617826631304e-01,0.000000000000000000e+00
8.328006258630107350e-01,0.000000000000000000e+00
8.295931019553710595e-01,0.000000000000000000e+00
8.290001578791296177e-01,0.000000000000000000e+00
8.287909045650072581e-01,0.000000000000000000e+00
8.287300517373803466e-01,0.000000000000000000e+00
8.287215555875081519e-01,0.000000000000000000e+00
8.287282867189746938e-01,0.000000000000000000e+00
8.287371474648712599e-01,0.000000000000000000e+00
8.255407586250131935e-01,0.000000000000000000e+00
8.239274256749260505e-01,0.000000000000000000e+00
8.231140053725043426e-01,-4.049255304226753172e-01
8.340407650628557379e-01,0.000000000000000000e+00
8.341947532187026226e-01,0.000000000000000000e+00
8.387249783188870378e-01,0.000000000000000000e+00
8.396796407197761880e-01,0.000000000000000000e+00
8.445002969481001376e-01,0.000000000000000000e+00
8.510388584506112242e-01,0.000000000000000000e+00
8.518712830937870129e-01,0.000000000000000000e+00
8.468841109891550589e-01,0.000000000000000000e+00
8.456099536589898324e-01,0.000000000000000000e+00
8.409796610759506796e-01,0.000000000000000000e+00
8.386940838143625010e-01,0.000000000000000000e+00
8.348406141943871539e-01,0.000000000000000000e+00
8.329054998551150835e-01,0.000000000000000000e+00
8.280851248293910061e-01,0.000000000000000000e+00
8.257258406519772942e-01,0.000000000000000000e+00
8.257349638229070088e-01,0.000000000000000000e+00
8.278070175680678489e-01,0.000000000000000000e+00
8.236812984255980075e-01,4.007485752624515563e-01
8.353685028558227588e-01,0.000000000000000000e+00
8.370110126492846803e-01,0.000000000000000000e+00
8.377197178800011024e-01,0.000000000000000000e+00
8.380183370486548045e-01,0.000000000000000000e+00
8.381399076671820492e-01,0.000000000000000000e+00
8.381868571231896325e-01,0.000000000000000000e+00
8.409997712768282341e-01,0.000000000000000000e+00
8.383548439622205972e-01,0.000000000000000000e+00
8.411617969976671327e-01,0.000000000000000000e+00
8.425357968173150525e-01,0.000000000000000000e+00
8.473370368017700827e-01,0.000000000000000000e+00
8.455437748048543201e-01,0.000000000000000000e+00
8.446728400520322477e-01,0.000000000000000000e+00
8.455256332267440111e-01,0.000000000000000000e+00
8.418220345227621637e-01,0.000000000000000000e+00
8.399904746735409322e-01,0.000000000000000000e+00
8.390861082990361819e-01,0.000000000000000000e+00
8.386399444758231292e-01,0.000000000000000000e+00
8.384199468758655183e-01,0.000000000000000000e+00
8.383115076560125889e-01,0.000000000000000000e+00
8.382580717077410259e-01,0.000000000000000000e+00
8.382317463227555443e-01,0.000000000000000000e+00
8.369483510395390180e-01,0.000000000000000000e+00
8.376524788716648295e-01,0.000000000000000000e+00
8.380218352522533776e-01,0.000000000000000000e+00
8.371069373696498062e-01,0.000000000000000000e+00
8.378642636775002206e-01,0.000000000000000000e+00
8.368674785283914952e-01,0.000000000000000000e+00
8.363917466333392614e-01,0.000000000000000000e+00
8.402375291436642302e-01,0.000000000000000000e+00
8.421013170111009138e-01,0.000000000000000000e+00
8.430051868494536915e-01,0.000000000000000000e+00
8.434434782835359412e-01,0.000000000000000000e+00
8.464897476702382129e-01,0.000000000000000000e+00
8.480216151392092616e-01,0.000000000000000000e+00
8.487926988874714418e-01,0.000000000000000000e+00
8.504687250926822317e-01,0.000000000000000000e+00
8.512308674686562826e-01,0.000000000000000000e+00
8.515744533023585916e-01,0.000000000000000000e+00
8.517276126370967315e-01,0.000000000000000000e+00
8.476880370206643089e-01,0.000000000000000000e+00
8.457177122425092453e-01,0.000000000000000000e+00
8.447589415712342120e-01,0.000000000000000000e+00
8.442931424326778345e-01,0.000000000000000000e+00
8.440671256875200701e-01,0.000000000000000000e+00
8.439575784867993091e-01,0.000000000000000000e+00
8.439045393946829066e-01,0.000000000000000000e+00
8.438788876529728089e-01,0.000000000000000000e+00
8.438664956259025463e-01,0.000000000000000000e+00
8.451999699203269767e-01,0.000000000000000000e+00
8.447001113205516720e-01,0.000000000000000000e+00
8.443637394661417384e-01,0.000000000000000000e+00
8.441524042308881093e-01,0.000000000000000000e+00
8.440251897212036614e-01,0.000000000000000000e+00
8.480757877594508054e-01,0.000000000000000000e+00
8.500280627259162447e-01,0.000000000000000000e+00
8.496834260248153914e-01,0.000000000000000000e+00
8.495701678715719130e-01,0.000000000000000000e+00
8.495431032387396053e-01,0.000000000000000000e+00
8.512646922869007149e-01,0.000000000000000000e+00
8.492147910662770638e-01,0.000000000000000000e+00
8.438917605842544134e-01,0.000000000000000000e+00
8.498432749469563285e-01,0.000000000000000000e+00
8.522711070170191361e-01,0.000000000000000000e+00
8.508811097467939843e-01,0.000000000000000000e+00
8.514926475644193360e-01,0.000000000000000000e+00
8.517330920670036498e-01,0.000000000000000000e+00
8.518207901447149011e-01,0.000000000000000000e+00
8.464674637786430145e-01,0.000000000000000000e+00
8.439054023810993455e-01,0.000000000000000000e+00
8.426849509626204160e-01,0.000000000000000000e+00
8.421057646163482291e-01,0.000000000000000000e+00
8.418318590674221946e-01,0.000000000000000000e+00
8.417027864414718952e-01,0.000000000000000000e+00
8.424171156042283837e-01,0.000000000000000000e+00
8.421014066813485854e-01,0.000000000000000000e+00
8.460156725770294761e-01,0.000000000000000000e+00
8.478818072368057290e-01,0.000000000000000000e+00
8.487711260663670654e-01,0.000000000000000000e+00
8.491943236407052398e-01,0.000000000000000000e+00
8.493952906285029414e-01,0.000000000000000000e+00
8.494904830847953559e-01,0.000000000000000000e+00
8.512738663520642568e-01,0.000000000000000000e+00
8.505295163097215116e-01,0.000000000000000000e+00
8.458217996817434248e-01,0.000000000000000000e+00
8.434960865335501268e-01,0.000000000000000000e+00
8.423494511890459169e-01,0.000000000000000000e+00
8.434394795225880204e-01,0.000000000000000000e+00
8.454072805781469580e-01,0.000000000000000000e+00
8.463624494327228742e-01,0.000000000000000000e+00
8.468260488700608546e-01,0.000000000000000000e+00
8.470509428943461261e-01,0.000000000000000000e+00
8.471599557939690772e-01,0.000000000000000000e+00
8.514231046055625862e-01,0.000000000000000000e+00
8.515094194127845739e-01,0.000000000000000000e+00
8.505116679902824384e-01,0.000000000000000000e+00
8.500279708863111017e-01,0.000000000000000000e+00
8.497938106987418250e-01,0.000000000000000000e+00
8.496805966853580028e-01,0.000000000000000000e+00
8.496259271226087595e-01,0.000000000000000000e+00
8.508159576884946063e-01,0.000000000000000000e+00
8.503522184118528227e-01,0.000000000000000000e+00
8.507666330137890753e-01,0.000000000000000000e+00
8.489184424887878944e-01,0.000000000000000000e+00
8.480417367763182224e-01,0.000000000000000000e+00
8.476275096730170322e-01,0.000000000000000000e+00
8.487548971735512371e-01,0.000000000000000000e+00
8.492486126742901931e-01,0.000000000000000000e+00
8.451678712518863046e-01,0.000000000000000000e+00
8.431630280570787672e-01,0.000000000000000000e+00
8.421800349518105966e-01,0.000000000000000000e+00
8.416986580880442270e-01,0.000000000000000000e+00
8.414631294615493307e-01,0.000000000000000000e+00
8.413479703532891207e-01,0.000000000000000000e+00
8.456033038901531462e-01,0.000000000000000000e+00
8.476647549301918882e-01,0.000000000000000000e+00
8.486642002488233860e-01,0.000000000000000000e+00
8.491487117213738500e-01,0.000000000000000000e+00
8.493834608474328807e-01,0.000000000000000000e+00
8.494971042087973156e-01,0.000000000000000000e+00
8.495520648542637110e-01,0.000000000000000000e+00
8.495786154080215979e-01,0.000000000000000000e+00
8.495914258122921892e-01,0.000000000000000000e+00
8.495975984985733032e-01,0.000000000000000000e+00
8.496005685238310345e-01,0.000000000000000000e+00
8.485091786633397470e-01,0.000000000000000000e+00
8.489140603053142442e-01,0.000000000000000000e+00
8.491875108560744678e-01,0.000000000000000000e+00
8.493597888021409137e-01,0.000000000000000000e+00
8.494637225967480720e-01,0.000000000000000000e+00
8.495245948733952668e-01,0.000000000000000000e+00
8.452678012442328415e-01,0.000000000000000000e+00
8.431936508652293494e-01,0.000000000000000000e+00
8.391396863914818427e-01,0.000000000000000000e+00
8.371072798147670690e-01,0.000000000000000000e+00
8.360898004672340234e-01,0.000000000000000000e+00
8.355807806350912248e-01,0.000000000000000000e+00
8.194516539820799750e-01,-4.510626519617659813e-01
8.456617889375895869e-01,0.000000000000000000e+00
8.483125137368230373e-01,0.000000000000000000e+00
8.432010663541755768e-01,0.000000000000000000e+00
8.380167534032816334e-01,0.000000000000000000e+00
8.354609972223013825e-01,0.000000000000000000e+00
8.314989532994310206e-01,0.000000000000000000e+00
8.257046709288756725e-01,0.000000000000000000e+00
8.228550607791658145e-01,4.131385880665353061e-01
8.358467035149046431e-01,0.000000000000000000e+00
8.381875437521160155e-01,0.000000000000000000e+00
8.371741250166854220e-01,0.000000000000000000e+00
8.361609718630049759e-01,0.000000000000000000e+00
8.351480875828027894e-01,0.000000000000000000e+00
8.380661396743671609e-01,0.000000000000000000e+00
8.380661396743677161e-01,0.000000000000000000e+00
8.380661396743664948e-01,0.000000000000000000e+00
8.380661396743689373e-01,0.000000000000000000e+00
8.380661396743673830e-01,0.000000000000000000e+00
8.380661396743676050e-01,0.000000000000000000e+00
8.380661396743684932e-01,0.000000000000000000e+00
