0.000000000000000000e+00,1.500000000000000000e+00
0.000000000000000000e+00,1.500000000000000000e+00
0.000000000000000000e+00,1.500000000000000000e+00
0.000000000000000000e+00,1.500000000000000000e+00
7.581294165112328898e-02,1.000000000000000000e+01
4.130823744802495368e-01,6.548936035558889479e+00
5.642197752645379261e-01,4.406168924890511818e+00
7.201367284992964413e-01,1.840669145303593490e+00
8.405280751150755458e-01,0.000000000000000000e+00
7.836809535045219377e-01,-8.245894168409008129e-01
7.503891749441367054e-01,-1.337062096989749316e+00
6.558769081411555124e-01,-2.750673097017188429e+00
6.171106658288688651e-01,-3.242083888575499895e+00
6.708380248009216951e-01,-2.473365379356341265e+00
7.806620805393074125e-01,-9.881228488194065962e-01
8.384945326860909764e-01,0.000000000000000000e+00
8.484583591218839427e-01,0.000000000000000000e+00
8.397082834325521050e-01,0.000000000000000000e+00
8.394849688400564114e-01,0.000000000000000000e+00
8.380856953565353207e-01,0.000000000000000000e+00
8.415762608434672609e-01,0.000000000000000000e+00
8.432992548040185721e-01,0.000000000000000000e+00
8.441507332190127944e-01,0.000000000000000000e+00
8.487411990086569658e-01,0.000000000000000000e+00
8.331899156858388888e-01,0.000000000000000000e+00
8.477948339141523348e-01,0.000000000000000000e+00
8.505469695723045787e-01,0.000000000000000000e+00
8.516517621178449904e-01,0.000000000000000000e+00
8.522800810635371427e-01,0.000000000000000000e+00
8.484825330458340975e-01,0.000000000000000000e+00
8.466563279411829512e-01,0.000000000000000000e+00
8.444722989793558288e-01,0.000000000000000000e+00
8.434724609012879126e-01,0.000000000000000000e+00
8.430193283849560792e-01,0.000000000000000000e+00
8.428163120454832402e-01,0.000000000000000000e+00
8.468900125896037245e-01,0.000000000000000000e+00
8.488672554371594625e-01,0.000000000000000000e+00
8.498277607466910855e-01,0.000000000000000000e+00
8.501688598358634330e-01,0.000000000000000000e+00
8.516717915603945199e-01,0.000000000000000000e+00
8.500713843797447211e-01,0.000000000000000000e+00
8.492603002461996953e-01,0.000000000000000000e+00
8.488495307380032884e-01,0.000000000000000000e+00
8.486415871241158593e-01,0.000000000000000000e+00
8.455841859449021447e-01,0.000000000000000000e+00
8.396129862082600814e-01,0.000000000000000000e+00
8.366686297362825320e-01,0.000000000000000000e+00
8.352205450909867546e-01,0.000000000000000000e+00
8.345093862151365949e-01,0.000000000000000000e+00
8.263459355221367542e-01,0.000000000000000000e+00
8.301410311862695846e-01,0.000000000000000000e+00
8.320091014546191488e-01,0.000000000000000000e+00
8.329296890495991867e-01,0.000000000000000000e+00
8.333835761941933429e-01,0.000000000000000000e+00
8.336073938244709103e-01,0.000000000000000000e+00
8.337177584654881235e-01,0.000000000000000000e+00
8.351869806155289844e-01,0.000000000000000000e+00
8.358436019305106601e-01,0.000000000000000000e+00
8.361332572463837653e-01,0.000000000000000000e+00
8.362588329650176844e-01,0.000000000000000000e+00
8.363120123090418412e-01,0.000000000000000000e+00
8.363338020815780371e-01,0.000000000000000000e+00
8.318000651199566331e-01,0.000000000000000000e+00
8.297486119830861373e-01,0.000000000000000000e+00
8.300596295392688173e-01,0.000000000000000000e+00
8.254854075622484189e-01,0.000000000000000000e+00
8.232200869191268477e-01,-4.044667153556987804e-01
8.363757240754500222e-01,0.000000000000000000e+00
8.389816604886448648e-01,0.000000000000000000e+00
8.402972840952136480e-01,0.000000000000000000e+00
8.409619865077576639e-01,0.000000000000000000e+00
8.412979329616631086e-01,0.000000000000000000e+00
8.457467204581471387e-01,0.000000000000000000e+00
8.436406347558944585e-01,0.000000000000000000e+00
8.426136183446218952e-01,0.000000000000000000e+00
8.421136073666645183e-01,0.000000000000000000e+00
8.478000319406054919e-01,0.000000000000000000e+00
8.519268947358613620e-01,0.000000000000000000e+00
8.522357232769988133e-01,0.000000000000000000e+00
8.518153493075310001e-01,0.000000000000000000e+00
8.475556535452105633e-01,0.000000000000000000e+00
8.427001762996209067e-01,0.000000000000000000e+00
8.402771438215066446e-01,0.000000000000000000e+00
8.390701047889947972e-01,0.000000000000000000e+00
8.384693488311556475e-01,0.000000000000000000e+00
8.342373252490768998e-01,0.000000000000000000e+00
8.333715302241512246e-01,0.000000000000000000e+00
8.290057168806326260e-01,0.000000000000000000e+00
8.268536165523049375e-01,0.000000000000000000e+00
8.301800351031518588e-01,0.000000000000000000e+00
8.280247728513103755e-01,0.000000000000000000e+00
8.278590745093894476e-01,0.000000000000000000e+00
8.237171090126288453e-01,4.002327566968508221e-01
8.342985250029166799e-01,0.000000000000000000e+00
8.397565619995364106e-01,0.000000000000000000e+00
8.424240744789952551e-01,0.000000000000000000e+00
8.437299320232822808e-01,0.000000000000000000e+00
8.472177699154465058e-01,0.000000000000000000e+00
8.489674250468931538e-01,0.000000000000000000e+00
8.509284244984837153e-01,0.000000000000000000e+00
8.484299233189633860e-01,0.000000000000000000e+00
8.514430673971473684e-01,0.000000000000000000e+00
8.520999701232424561e-01,0.000000000000000000e+00
8.513943200895135455e-01,0.000000000000000000e+00
8.510527911952336932e-01,0.000000000000000000e+00
8.508877279439820418e-01,0.000000000000000000e+00
8.499664567827385220e-01,0.000000000000000000e+00
8.521790138912117563e-01,0.000000000000000000e+00
8.517471261455804576e-01,0.000000000000000000e+00
8.495485645844511602e-01,0.000000000000000000e+00
8.490876923930406051e-01,0.000000000000000000e+00
8.488076736747872664e-01,0.000000000000000000e+00
8.486428910362353584e-01,0.000000000000000000e+00
8.485481193870321182e-01,0.000000000000000000e+00
8.486636442418638016e-01,0.000000000000000000e+00
8.485711274202473176e-01,0.000000000000000000e+00
8.441878971039845636e-01,0.000000000000000000e+00
8.420437397400193369e-01,0.000000000000000000e+00
8.423759310945480028e-01,0.000000000000000000e+00
8.424795325830046755e-01,0.000000000000000000e+00
8.380684203376527197e-01,0.000000000000000000e+00
8.359022809231974049e-01,0.000000000000000000e+00
8.362534981561389191e-01,0.000000000000000000e+00
8.318210875618201605e-01,0.000000000000000000e+00
8.296290610297252233e-01,0.000000000000000000e+00
8.285469664531293077e-01,0.000000000000000000e+00
8.098782485976900869e-01,-5.809769895311214238e-01
8.369033777699401710e-01,0.000000000000000000e+00
8.483988862391547148e-01,0.000000000000000000e+00
8.509712641503369701e-01,0.000000000000000000e+00
8.456654136902337360e-01,0.000000000000000000e+00
8.391674880689192761e-01,0.000000000000000000e+00
8.359935696768349134e-01,0.000000000000000000e+00
8.317441977370533257e-01,0.000000000000000000e+00
8.258170944946969794e-01,0.000000000000000000e+00
8.229059603641807330e-01,4.124402055126027977e-01
8.358603827441691836e-01,0.000000000000000000e+00
8.381919833330654379e-01,0.000000000000000000e+00
8.393344452899960118e-01,0.000000000000000000e+00
8.398945459943829572e-01,0.000000000000000000e+00
8.421968213022934524e-01,0.000000000000000000e+00
8.415782749001761154e-01,0.000000000000000000e+00
8.411370635576044252e-01,0.000000000000000000e+00
8.408506578951575605e-01,0.000000000000000000e+00
8.406746184920599330e-01,0.000000000000000000e+00
8.405702075503582726e-01,0.000000000000000000e+00
8.405098187737963800e-01,0.000000000000000000e+00
8.432837780214781365e-01,0.000000000000000000e+00
8.446811409590011532e-01,0.000000000000000000e+00
8.453856533456136635e-01,0.000000000000000000e+00
8.457409856200271969e-01,0.000000000000000000e+00
8.459202297272958582e-01,0.000000000000000000e+00
8.514170440169628318e-01,0.000000000000000000e+00
8.498884536469696327e-01,0.000000000000000000e+00
8.450582367683577845e-01,0.000000000000000000e+00
8.426913763583253614e-01,0.000000000000000000e+00
8.415343868234452795e-01,0.000000000000000000e+00
8.409696600224191299e-01,0.000000000000000000e+00
8.406943069375658606e-01,0.000000000000000000e+00
8.405601633738590817e-01,0.000000000000000000e+00
8.364833240116302804e-01,0.000000000000000000e+00
8.344979252491266930e-01,0.000000000000000000e+00
8.335334203187330093e-01,0.000000000000000000e+00
8.330656551019925971e-01,0.000000000000000000e+00
8.328391042584508686e-01,0.000000000000000000e+00
8.343505264396766652e-01,0.000000000000000000e+00
8.336953610364837841e-01,0.000000000000000000e+00
8.332643765443970008e-01,0.000000000000000000e+00
8.329972888032276535e-01,0.000000000000000000e+00
8.328379883036296505e-01,0.000000000000000000e+00
8.327454773632746443e-01,0.000000000000000000e+00
8.326927994985331427e-01,0.000000000000000000e+00
8.366925704284401411e-01,0.000000000000000000e+00
8.386254205560599306e-01,0.000000000000000000e+00
8.395600081329301911e-01,0.000000000000000000e+00
8.400117910922305642e-01,0.000000000000000000e+00
8.402300284157875332e-01,0.000000000000000000e+00
8.390730976770737204e-01,0.000000000000000000e+00
8.410883282453014420e-01,0.000000000000000000e+00
8.407241328126953128e-01,0.000000000000000000e+00
8.405603247568835812e-01,0.000000000000000000e+00
8.364761240844874601e-01,0.000000000000000000e+00
8.357406767222642641e-01,0.000000000000000000e+00
8.353298998133427133e-01,0.000000000000000000e+00
8.351030454946137827e-01,0.000000000000000000e+00
8.349789098668871645e-01,0.000000000000000000e+00
8.349114981261185342e-01,0.000000000000000000e+00
8.348751248320722684e-01,0.000000000000000000e+00
8.348556065509362689e-01,0.000000000000000000e+00
8.308794064578973737e-01,0.000000000000000000e+00
8.329171541056740180e-01,0.000000000000000000e+00
8.359779878186374136e-01,0.000000000000000000e+00
8.356862992752893682e-01,0.000000000000000000e+00
8.353998227553310896e-01,0.000000000000000000e+00
8.351864781874462906e-01,0.000000000000000000e+00
8.350448249606688966e-01,0.000000000000000000e+00
8.349565375866375705e-01,0.000000000000000000e+00
8.349036770027364884e-01,0.000000000000000000e+00
8.336219476487169988e-01,0.000000000000000000e+00
8.330525884919128821e-01,0.000000000000000000e+00
8.328038924768144113e-01,0.000000000000000000e+00
8.367264090246671060e-01,0.000000000000000000e+00
8.386316297723479529e-01,0.000000000000000000e+00
8.490617265200619546e-01,0.000000000000000000e+00
8.431971646439584411e-01,0.000000000000000000e+00
8.386295537833174940e-01,0.000000000000000000e+00
8.365350424391191364e-01,0.000000000000000000e+00
8.355853109307211923e-01,0.000000000000000000e+00
8.351597958157508383e-01,0.000000000000000000e+00
8.349718214197727750e-01,0.000000000000000000e+00
8.309248530771968788e-01,0.000000000000000000e+00
8.289589381897972675e-01,0.000000000000000000e+00
8.280064206208845867e-01,0.000000000000000000e+00
8.275457604081151164e-01,0.000000000000000000e+00
8.273233137691083927e-01,0.000000000000000000e+00
8.272160496258458284e-01,0.000000000000000000e+00
8.271644000809469377e-01,0.000000000000000000e+00
8.288925345899557096e-01,0.000000000000000000e+00
8.282289029508572709e-01,0.000000000000000000e+00
8.277847363784590629e-01,0.000000000000000000e+00
8.275066022223943607e-01,0.000000000000000000e+00
8.313218585481042533e-01,0.000000000000000000e+00
8.291776982788688910e-01,0.000000000000000000e+00
8.321042129810830579e-01,0.000000000000000000e+00
8.295450354693423289e-01,0.000000000000000000e+00
8.322748146984040307e-01,0.000000000000000000e+00
8.323425267088306878e-01,0.000000000000000000e+00
8.377235349009310994e-01,0.000000000000000000e+00
8.365018131919256250e-01,0.000000000000000000e+00
8.398589644719418601e-01,0.000000000000000000e+00
8.373691411664242468e-01,0.000000000000000000e+00
8.321512709766543114e-01,0.000000000000000000e+00
8.295847366374221599e-01,0.000000000000000000e+00
8.283252920031822786e-01,0.000000000000000000e+00
8.277081007230244758e-01,0.000000000000000000e+00
8.274059152743501455e-01,0.000000000000000000e+00
8.272580604687863604e-01,0.000000000000000000e+00
8.232695815194185363e-01,4.047736122984370022e-01
8.350648033302650042e-01,0.000000000000000000e+00
8.411578278384858054e-01,0.000000000000000000e+00
8.427557033656538632e-01,0.000000000000000000e+00
8.478540863137251637e-01,0.000000000000000000e+00
8.475558765254309623e-01,0.000000000000000000e+00
8.522429181616676397e-01,0.000000000000000000e+00
8.494755509112816849e-01,0.000000000000000000e+00
8.479987587106213587e-01,0.000000000000000000e+00
8.442496659306508722e-01,0.000000000000000000e+00
8.378443799925554547e-01,0.000000000000000000e+00
8.346757673682101419e-01,0.000000000000000000e+00
8.345774083144812394e-01,0.000000000000000000e+00
8.313428771492419322e-01,0.000000000000000000e+00
8.249529940021728125e-01,0.000000000000000000e+00
8.217914691777239433e-01,-4.257265512301436350e-01
8.345311893726420349e-01,0.000000000000000000e+00
8.322030537067993672e-01,0.000000000000000000e+00
8.355800683055996103e-01,0.000000000000000000e+00
8.372341805242650148e-01,0.000000000000000000e+00
8.380450788086408753e-01,0.000000000000000000e+00
8.414592574765407118e-01,0.000000000000000000e+00
8.431749367579872700e-01,0.000000000000000000e+00
8.440380507447441394e-01,0.000000000000000000e+00
8.444724960839051775e-01,0.000000000000000000e+00
8.446912277713135575e-01,0.000000000000000000e+00
8.448013651187209483e-01,0.000000000000000000e+00
8.448568241263941792e-01,0.000000000000000000e+00
8.448847500949994149e-01,0.000000000000000000e+00
8.448988117086920768e-01,0.000000000000000000e+00
8.449058919648693156e-01,0.000000000000000000e+00
8.468942961587778706e-01,0.000000000000000000e+00
8.455530334702894280e-01,0.000000000000000000e+00
8.450567272815011632e-01,0.000000000000000000e+00
8.448964665583763578e-01,0.000000000000000000e+00
8.448604626747641122e-01,0.000000000000000000e+00
8.448645776364904769e-01,0.000000000000000000e+00
8.448777133397773476e-01,0.000000000000000000e+00
8.448898288523769562e-01,0.000000000000000000e+00
8.448986644675031688e-01,0.000000000000000000e+00
8.418969996321067351e-01,0.000000000000000000e+00
8.390208261277981583e-01,0.000000000000000000e+00
8.390059054776179970e-01,0.000000000000000000e+00
8.375974793139564500e-01,0.000000000000000000e+00
8.413253985919812994e-01,0.000000000000000000e+00
8.474051748203976775e-01,0.000000000000000000e+00
8.503564482046408468e-01,0.000000000000000000e+00
8.504967356148782631e-01,0.000000000000000000e+00
8.506231896571043727e-01,0.000000000000000000e+00
8.507146300198356048e-01,0.000000000000000000e+00
8.507744811733936041e-01,0.000000000000000000e+00
8.508114834691906658e-01,0.000000000000000000e+00
8.500181705225604567e-01,0.000000000000000000e+00
8.480029106849741316e-01,0.000000000000000000e+00
8.470235176642372243e-01,0.000000000000000000e+00
8.465483456320688216e-01,0.000000000000000000e+00
8.482634347484199200e-01,0.000000000000000000e+00
8.474299564601955881e-01,0.000000000000000000e+00
8.468895129990327009e-01,0.000000000000000000e+00
8.465575886207331591e-01,0.000000000000000000e+00
8.504888394739444912e-01,0.000000000000000000e+00
8.523706998896847242e-01,0.000000000000000000e+00
8.517010240604643290e-01,0.000000000000000000e+00
8.512637587623470559e-01,0.000000000000000000e+00
8.523485469340066345e-01,0.000000000000000000e+00
8.480644514007661394e-01,0.000000000000000000e+00
8.508017524595107295e-01,0.000000000000000000e+00
8.477936325792351235e-01,0.000000000000000000e+00
8.463202242479311854e-01,0.000000000000000000e+00
8.472429300035294597e-01,0.000000000000000000e+00
8.491035407914966360e-01,0.000000000000000000e+00
8.500080522841023667e-01,0.000000000000000000e+00
8.504477455082760651e-01,0.000000000000000000e+00
8.501886484252568765e-01,0.000000000000000000e+00
8.493466754729851464e-01,0.000000000000000000e+00
8.476186456812694336e-01,0.000000000000000000e+00
8.480728728780423387e-01,0.000000000000000000e+00
8.441880106756209923e-01,0.000000000000000000e+00
8.422761635432187699e-01,0.000000000000000000e+00
8.413369885270011173e-01,0.000000000000000000e+00
8.408761221564635679e-01,0.000000000000000000e+00
8.406501303244866552e-01,0.000000000000000000e+00
8.425944853272760993e-01,0.000000000000000000e+00
8.417769249855415747e-01,0.000000000000000000e+00
8.412362931279708800e-01,0.000000000000000000e+00
8.409002207566049769e-01,0.000000000000000000e+00
8.406993721614046677e-01,0.000000000000000000e+00
8.446625111645000850e-01,0.000000000000000000e+00
8.465685006591551209e-01,0.000000000000000000e+00
8.462191984997631256e-01,0.000000000000000000e+00
8.461027422122218145e-01,0.000000000000000000e+00
8.460736331254141707e-01,0.000000000000000000e+00
8.460736318600368122e-01,0.000000000000000000e+00
8.502094778293201038e-01,0.000000000000000000e+00
8.493566417048374895e-01,0.000000000000000000e+00
8.488872803062366135e-01,0.000000000000000000e+00
8.486312036884584575e-01,0.000000000000000000e+00
8.484924969873176570e-01,0.000000000000000000e+00
8.443560517919672659e-01,0.000000000000000000e+00
8.423389581028617457e-01,0.000000000000000000e+00
8.413577065575339464e-01,0.000000000000000000e+00
8.408811313514407138e-01,0.000000000000000000e+00
8.406499598668687456e-01,0.000000000000000000e+00
8.405379513079851428e-01,0.000000000000000000e+00
8.417399037893326108e-01,0.000000000000000000e+00
8.370026539076731442e-01,0.000000000000000000e+00
8.347213792219921880e-01,0.000000000000000000e+00
8.366683764233799891e-01,0.000000000000000000e+00
8.400636027529690963e-01,0.000000000000000000e+00
8.375312994227285257e-01,0.000000000000000000e+00
8.362230469262781352e-01,0.000000000000000000e+00
8.355483779147396817e-01,0.000000000000000000e+00
8.352009141547566129e-01,0.000000000000000000e+00
8.350221586963686438e-01,0.000000000000000000e+00
8.377021521845238183e-01,0.000000000000000000e+00
8.390541088701873873e-01,0.000000000000000000e+00
8.357220470379260746e-01,0.000000000000000000e+00
8.381361203294167561e-01,0.000000000000000000e+00
8.393130906371131239e-01,0.000000000000000000e+00
8.398871383100086074e-01,0.000000000000000000e+00
8.401670905582253601e-01,0.000000000000000000e+00
8.415600774420329833e-01,0.000000000000000000e+00
8.381599551769597367e-01,0.000000000000000000e+00
8.364768813110783352e-01,0.000000000000000000e+00
8.356449132459119467e-01,0.000000000000000000e+00
8.352339724398705201e-01,0.000000000000000000e+00
8.350310849338447028e-01,0.000000000000000000e+00
8.349309466599510454e-01,0.000000000000000000e+00
8.309159257019221867e-01,0.000000000000000000e+00
8.289602871254762029e-01,0.000000000000000000e+00
8.280100107806132037e-01,0.000000000000000000e+00
8.275490140950489959e-01,0.000000000000000000e+00
8.273256695269011196e-01,0.000000000000000000e+00
8.302226221127552153e-01,0.000000000000000000e+00
8.288200391950582002e-01,0.000000000000000000e+00
8.292846828397868464e-01,0.000000000000000000e+00
8.294048279713445160e-01,0.000000000000000000e+00
8.333960002128842914e-01,0.000000000000000000e+00
8.313201516334299823e-01,0.000000000000000000e+00
8.290579867024425731e-01,0.000000000000000000e+00
8.280063742639012236e-01,0.000000000000000000e+00
8.315014097337678489e-01,0.000000000000000000e+00
8.292335648489247424e-01,0.000000000000000000e+00
8.321147815204865683e-01,0.000000000000000000e+00
8.335136124812270175e-01,0.000000000000000000e+00
8.341929909794471021e-01,0.000000000000000000e+00
8.305556450914666211e-01,0.000000000000000000e+00
8.300242011615371895e-01,0.000000000000000000e+00
8.297107017147493657e-01,0.000000000000000000e+00
8.295301160174686217e-01,0.000000000000000000e+00
8.294279282932449648e-01,0.000000000000000000e+00
8.293708974795124256e-01,0.000000000000000000e+00
8.254190932490954591e-01,0.000000000000000000e+00
8.234927305565933331e-01,4.020560045881328981e-01
8.363897087327497593e-01,0.000000000000000000e+00
8.374738999126500882e-01,0.000000000000000000e+00
8.422828153300472298e-01,0.000000000000000000e+00
8.446561822885365611e-01,0.000000000000000000e+00
8.487058352913400272e-01,0.000000000000000000e+00
8.481158312305947522e-01,0.000000000000000000e+00
8.505786116910418748e-01,0.000000000000000000e+00
8.473269454562102343e-01,0.000000000000000000e+00
8.470398044985762986e-01,0.000000000000000000e+00
8.424025739599132478e-01,0.000000000000000000e+00
8.355611696806715116e-01,0.000000000000000000e+00
8.336613354845573420e-01,0.000000000000000000e+00
8.341359211195404910e-01,0.000000000000000000e+00
8.296578131102573250e-01,0.000000000000000000e+00
8.226652049763588659e-01,-4.134443709834503822e-01
8.349120474470496100e-01,0.000000000000000000e+00
8.369053577240909148e-01,0.000000000000000000e+00
8.409012824092194638e-01,0.000000000000000000e+00
8.429013937224070219e-01,0.000000000000000000e+00
8.439038794558419987e-01,0.000000000000000000e+00
8.444066812240067499e-01,0.000000000000000000e+00
8.446589489202500634e-01,0.000000000000000000e+00
8.447855385183778987e-01,0.000000000000000000e+00
8.435220020881941672e-01,0.000000000000000000e+00
8.472395159700508716e-01,0.000000000000000000e+00
8.490730145825966524e-01,0.000000000000000000e+00
8.499784045392698717e-01,0.000000000000000000e+00
8.504257269831004828e-01,0.000000000000000000e+00
8.506467751699565705e-01,0.000000000000000000e+00
8.507560097079304162e-01,0.000000000000000000e+00
8.484321691595330117e-01,0.000000000000000000e+00
8.493370002477385050e-01,0.000000000000000000e+00
8.499442432408181869e-01,0.000000000000000000e+00
8.503255046540965090e-01,0.000000000000000000e+00
8.505550432640602843e-01,0.000000000000000000e+00
8.506893045256804786e-01,0.000000000000000000e+00
8.507661984662189258e-01,0.000000000000000000e+00
8.508095352306512815e-01,0.000000000000000000e+00
8.521285042110215979e-01,0.000000000000000000e+00
8.484855564558145824e-01,0.000000000000000000e+00
8.466800157486252809e-01,0.000000000000000000e+00
8.457864753414469083e-01,0.000000000000000000e+00
8.396311422301450111e-01,0.000000000000000000e+00
8.453601490329554213e-01,0.000000000000000000e+00
8.481639766381837697e-01,0.000000000000000000e+00
8.495386441325257776e-01,0.000000000000000000e+00
8.489164781890368161e-01,0.000000000000000000e+00
8.521276079181882013e-01,0.000000000000000000e+00
8.502039267843825021e-01,0.000000000000000000e+00
8.492547131971285301e-01,0.000000000000000000e+00
8.487867632398027329e-01,0.000000000000000000e+00
8.485561977559198388e-01,0.000000000000000000e+00
8.443810901228387955e-01,0.000000000000000000e+00
8.423480147861012179e-01,0.000000000000000000e+00
8.413604927637530206e-01,0.000000000000000000e+00
8.429855190973627455e-01,0.000000000000000000e+00
8.419722992752045609e-01,0.000000000000000000e+00
8.413338954463196462e-01,0.000000000000000000e+00
8.409489731081403185e-01,0.000000000000000000e+00
8.407237215948147879e-01,0.000000000000000000e+00
8.446746199202176397e-01,0.000000000000000000e+00
8.465745344258100991e-01,0.000000000000000000e+00
8.474884521574870266e-01,0.000000000000000000e+00
8.479278087161029598e-01,0.000000000000000000e+00
8.481387902032262449e-01,0.000000000000000000e+00
8.469752291692507207e-01,0.000000000000000000e+00
8.464659814165240714e-01,0.000000000000000000e+00
8.503751903118784705e-01,0.000000000000000000e+00
8.494249172008747628e-01,0.000000000000000000e+00
8.489141203659082979e-01,0.000000000000000000e+00
8.486409758861644947e-01,0.000000000000000000e+00
8.456827128773112268e-01,0.000000000000000000e+00
8.441820944352447231e-01,0.000000000000000000e+00
8.434217808512999293e-01,0.000000000000000000e+00
8.430368159240362314e-01,0.000000000000000000e+00
8.428419810433889214e-01,0.000000000000000000e+00
8.427434015434386305e-01,0.000000000000000000e+00
8.386784755855927198e-01,0.000000000000000000e+00
8.366988208258248072e-01,0.000000000000000000e+00
8.357370692342422913e-01,0.000000000000000000e+00
8.352706167310476326e-01,0.000000000000000000e+00
8.372538491212077050e-01,0.000000000000000000e+00
8.363235159921355022e-01,0.000000000000000000e+00
8.357180802058168378e-01,0.000000000000000000e+00
8.353454226490196755e-01,0.000000000000000000e+00
8.351242003170984418e-01,0.000000000000000000e+00
8.349961750276825301e-01,0.000000000000000000e+00
8.349234700107976970e-01,0.000000000000000000e+00
8.348827781299571482e-01,0.000000000000000000e+00
8.388931779714561277e-01,0.000000000000000000e+00
8.316128239650210086e-01,0.000000000000000000e+00
8.373693061467404331e-01,0.000000000000000000e+00
8.401218921349717927e-01,0.000000000000000000e+00
8.414390202676467201e-01,0.000000000000000000e+00
8.380507656548190631e-01,0.000000000000000000e+00
8.363978921709975811e-01,0.000000000000000000e+00
8.355932243240737911e-01,0.000000000000000000e+00
8.364466256333519256e-01,0.000000000000000000e+00
8.368036030791309310e-01,0.000000000000000000e+00
8.369474429045478114e-01,0.000000000000000000e+00
8.330323637585307361e-01,0.000000000000000000e+00
8.311190616220829330e-01,0.000000000000000000e+00
8.301860344163141114e-01,0.000000000000000000e+00
8.297316806667263123e-01,0.000000000000000000e+00
8.255911543495910720e-01,0.000000000000000000e+00
8.235743899308987093e-01,4.009420488684683481e-01
8.364138766046623763e-01,0.000000000000000000e+00
8.392081847072284662e-01,0.000000000000000000e+00
8.470304423408645533e-01,0.000000000000000000e+00
8.510312810295976860e-01,0.000000000000000000e+00
8.517043188592878789e-01,0.000000000000000000e+00
8.521439390311467132e-01,0.000000000000000000e+00
8.482755802726995586e-01,0.000000000000000000e+00
8.430351738287642505e-01,0.000000000000000000e+00
8.404128541134905372e-01,0.000000000000000000e+00
8.360305682345782197e-01,0.000000000000000000e+00
8.291787047249431497e-01,0.000000000000000000e+00
8.257982317055336807e-01,0.000000000000000000e+00
8.256413564386068105e-01,0.000000000000000000e+00
8.255009254359390036e-01,0.000000000000000000e+00
8.253997826189823916e-01,0.000000000000000000e+00
8.253337763037925656e-01,0.000000000000000000e+00
8.252930688669258830e-01,0.000000000000000000e+00
8.252688693228321659e-01,0.000000000000000000e+00
8.204786407778725810e-01,-4.433537177313511823e-01
8.328456380230558898e-01,0.000000000000000000e+00
8.346332224939716493e-01,0.000000000000000000e+00
8.355224023583180948e-01,0.000000000000000000e+00
8.403491838849906914e-01,0.000000000000000000e+00
8.426939346991977331e-01,0.000000000000000000e+00
8.438342285503008799e-01,0.000000000000000000e+00
8.430608678572832915e-01,0.000000000000000000e+00
8.401594895834717525e-01,0.000000000000000000e+00
8.409868478808489867e-01,0.000000000000000000e+00
8.415854979945094350e-01,0.000000000000000000e+00
8.419776352963754817e-01,0.000000000000000000e+00
8.422202332632177102e-01,0.000000000000000000e+00
8.423648498376583582e-01,0.000000000000000000e+00
8.424488412044995878e-01,0.000000000000000000e+00
8.424966899315757818e-01,0.000000000000000000e+00
8.425235463650246892e-01,0.000000000000000000e+00
8.394993982621730133e-01,0.000000000000000000e+00
8.423439748211402067e-01,0.000000000000000000e+00
8.423667233666020104e-01,0.000000000000000000e+00
8.335036909979570696e-01,0.000000000000000000e+00
8.381376576023629177e-01,0.000000000000000000e+00
8.446869936332463968e-01,0.000000000000000000e+00
8.465615036394901205e-01,0.000000000000000000e+00
8.475314419781293518e-01,0.000000000000000000e+00
8.480330404027289770e-01,0.000000000000000000e+00
8.482922388876568132e-01,0.000000000000000000e+00
8.523683088557397758e-01,0.000000000000000000e+00
8.502922461773880780e-01,0.000000000000000000e+00
8.492827634784477775e-01,0.000000000000000000e+00
8.487927207613195080e-01,0.000000000000000000e+00
8.485551436310836415e-01,0.000000000000000000e+00
8.496985703604693629e-01,0.000000000000000000e+00
8.461275370595066070e-01,0.000000000000000000e+00
8.470702848997152534e-01,0.000000000000000000e+00
8.451926852441092874e-01,0.000000000000000000e+00
8.440851440430823249e-01,0.000000000000000000e+00
8.434473611125838932e-01,0.000000000000000000e+00
8.471690111988710026e-01,0.000000000000000000e+00
8.489411656738076184e-01,0.000000000000000000e+00
8.497845577953794249e-01,0.000000000000000000e+00
8.501853107932222375e-01,0.000000000000000000e+00
8.491189337597394582e-01,0.000000000000000000e+00
8.486555832910146480e-01,0.000000000000000000e+00
8.497172139324832285e-01,0.000000000000000000e+00
8.501891660721855315e-01,0.000000000000000000e+00
8.503959490926910059e-01,0.000000000000000000e+00
8.476596258022005559e-01,0.000000000000000000e+00
8.450255341614870686e-01,0.000000000000000000e+00
8.450157344427091655e-01,0.000000000000000000e+00
8.409491760645425584e-01,0.000000000000000000e+00
8.389487614373126734e-01,0.000000000000000000e+00
8.379665775212963297e-01,0.000000000000000000e+00
8.374848732239252858e-01,0.000000000000000000e+00
8.372488012275403069e-01,0.000000000000000000e+00
8.371331739475529332e-01,0.000000000000000000e+00
8.331074316185844708e-01,0.000000000000000000e+00
8.311475512269801413e-01,0.000000000000000000e+00
8.301957295967683503e-01,0.000000000000000000e+00
8.333443353194340819e-01,0.000000000000000000e+00
8.327783950619049858e-01,0.000000000000000000e+00
8.323093409570047063e-01,0.000000000000000000e+00
8.319821252058772210e-01,0.000000000000000000e+00
8.317722990532016025e-01,0.000000000000000000e+00
8.316443295667144131e-01,0.000000000000000000e+00
8.315688406065515625e-01,0.000000000000000000e+00
8.315253553698387368e-01,0.000000000000000000e+00
8.302690268263451800e-01,0.000000000000000000e+00
8.297129724538876427e-01,0.000000000000000000e+00
8.334564495390271999e-01,0.000000000000000000e+00
8.365220929624024304e-01,0.000000000000000000e+00
8.379548102977480983e-01,0.000000000000000000e+00
8.346464658728534047e-01,0.000000000000000000e+00
8.330240132518265117e-01,0.000000000000000000e+00
8.322296959986343889e-01,0.000000000000000000e+00
8.330667425596649522e-01,0.000000000000000000e+00
8.294848300121081541e-01,0.000000000000000000e+00
8.277130053283815458e-01,0.000000000000000000e+00
8.229615689570533021e-01,4.097943910522374167e-01
8.332051408587080044e-01,0.000000000000000000e+00
8.384881681268243625e-01,0.000000000000000000e+00
8.410944748943400828e-01,0.000000000000000000e+00
8.423825189812566006e-01,0.000000000000000000e+00
8.416693668288243169e-01,0.000000000000000000e+00
8.455852661335981901e-01,0.000000000000000000e+00
8.454772266520012014e-01,0.000000000000000000e+00
8.500746854367677852e-01,0.000000000000000000e+00
8.524753251240014817e-01,0.000000000000000000e+00
8.511911836494252537e-01,0.000000000000000000e+00
8.505140588850911287e-01,0.000000000000000000e+00
8.472317508375238893e-01,0.000000000000000000e+00
8.411450638441153593e-01,0.000000000000000000e+00
8.395728094321402990e-01,0.000000000000000000e+00
8.431442580795718289e-01,0.000000000000000000e+00
8.373665326892022476e-01,0.000000000000000000e+00
8.298334976195420598e-01,0.000000000000000000e+00
8.163748662495834418e-01,-4.985499244538712516e-01
8.307185112661402693e-01,0.000000000000000000e+00
8.416848144741302384e-01,0.000000000000000000e+00
8.470421040645704780e-01,0.000000000000000000e+00
8.483927710418738277e-01,0.000000000000000000e+00
8.491212451787715221e-01,0.000000000000000000e+00
8.512970120644556271e-01,0.000000000000000000e+00
8.491045882590164684e-01,0.000000000000000000e+00
8.440149399160943311e-01,0.000000000000000000e+00
8.415339375873964745e-01,0.000000000000000000e+00
8.415544725903647549e-01,0.000000000000000000e+00
8.415079970916166108e-01,0.000000000000000000e+00
8.414564810093865255e-01,0.000000000000000000e+00
8.374406488886321220e-01,0.000000000000000000e+00
8.391387561246792526e-01,0.000000000000000000e+00
8.368223601071421713e-01,0.000000000000000000e+00
8.366585876691394752e-01,0.000000000000000000e+00
8.363914507914729235e-01,0.000000000000000000e+00
8.361657175075405402e-01,0.000000000000000000e+00
8.360069301050405688e-01,0.000000000000000000e+00
8.359046437249583184e-01,0.000000000000000000e+00
8.358420853743551149e-01,0.000000000000000000e+00
8.318740938521633765e-01,0.000000000000000000e+00
8.338805498146359962e-01,0.000000000000000000e+00
8.348506049027798470e-01,0.000000000000000000e+00
8.353195031488215294e-01,0.000000000000000000e+00
8.355460057598297352e-01,0.000000000000000000e+00
8.368653823845207951e-01,0.000000000000000000e+00
8.335096338341140276e-01,0.000000000000000000e+00
8.279695998703990867e-01,0.000000000000000000e+00
8.252576496688182051e-01,0.000000000000000000e+00
8.251281835233168493e-01,0.000000000000000000e+00
8.211631528758791543e-01,4.351400223498489428e-01
8.309064092437368210e-01,0.000000000000000000e+00
8.356556176183995710e-01,0.000000000000000000e+00
8.380061630966890718e-01,0.000000000000000000e+00
8.391713901557446009e-01,0.000000000000000000e+00
8.397494721781297855e-01,0.000000000000000000e+00
8.387077537973498531e-01,0.000000000000000000e+00
8.382599037258925412e-01,0.000000000000000000e+00
8.406784276423938662e-01,0.000000000000000000e+00
8.431915730862862279e-01,0.000000000000000000e+00
8.487437948860548920e-01,0.000000000000000000e+00
8.501423769606706315e-01,0.000000000000000000e+00
8.509079611759272632e-01,0.000000000000000000e+00
8.513240443095533294e-01,0.000000000000000000e+00
8.491865480074360928e-01,0.000000000000000000e+00
8.440075301356573245e-01,0.000000000000000000e+00
8.414221494147886560e-01,0.000000000000000000e+00
8.415379309229495952e-01,0.000000000000000000e+00
8.370558558080980482e-01,0.000000000000000000e+00
8.348353710403756400e-01,0.000000000000000000e+00
8.337372822449233833e-01,0.000000000000000000e+00
8.331947694306021113e-01,0.000000000000000000e+00
8.329268883431637516e-01,0.000000000000000000e+00
8.327946615328446489e-01,0.000000000000000000e+00
8.327294110432201801e-01,0.000000000000000000e+00
8.326972185778719338e-01,0.000000000000000000e+00
8.341225395409495036e-01,0.000000000000000000e+00
8.301746341138607210e-01,0.000000000000000000e+00
8.282224066420358355e-01,0.000000000000000000e+00
8.272585953440085849e-01,0.000000000000000000e+00
8.267831865665155044e-01,0.000000000000000000e+00
8.280254384845099347e-01,0.000000000000000000e+00
8.238708069220508357e-01,0.000000000000000000e+00
8.218167100220873378e-01,-4.245269478372394323e-01
8.317335222528330352e-01,0.000000000000000000e+00
8.355137240347179084e-01,0.000000000000000000e+00
8.376265974583008145e-01,0.000000000000000000e+00
8.387954833278921107e-01,0.000000000000000000e+00
8.381017045188687842e-01,0.000000000000000000e+00
8.378572632612379945e-01,0.000000000000000000e+00
8.377865731106772795e-01,0.000000000000000000e+00
8.377770922091269945e-01,0.000000000000000000e+00
8.391220067892596335e-01,0.000000000000000000e+00
8.397254723372400420e-01,0.000000000000000000e+00
8.386584434320440984e-01,0.000000000000000000e+00
8.381816184106148926e-01,0.000000000000000000e+00
8.379717966101890569e-01,0.000000000000000000e+00
8.422277201751169340e-01,0.000000000000000000e+00
8.472408095791363891e-01,0.000000000000000000e+00
8.497321972967539772e-01,0.000000000000000000e+00
8.509725226243690654e-01,0.000000000000000000e+00
8.515905500711072884e-01,0.000000000000000000e+00
8.502068456470956992e-01,0.000000000000000000e+00
8.486204842033715501e-01,0.000000000000000000e+00
8.478207253217882045e-01,0.000000000000000000e+00
8.433976677564586355e-01,0.000000000000000000e+00
8.412384934032801631e-01,0.000000000000000000e+00
8.401870316223964963e-01,0.000000000000000000e+00
8.396758130686482469e-01,0.000000000000000000e+00
8.440137751631173746e-01,0.000000000000000000e+00
8.431817877100555858e-01,0.000000000000000000e+00
8.425144769777680454e-01,0.000000000000000000e+00
8.420557999694822104e-01,0.000000000000000000e+00
8.377888659819106021e-01,0.000000000000000000e+00
8.356782072187201038e-01,0.000000000000000000e+00
8.346359831455141265e-01,0.000000000000000000e+00
8.341218305504307651e-01,0.000000000000000000e+00
8.338683289348662875e-01,0.000000000000000000e+00
8.337433865528238730e-01,0.000000000000000000e+00
8.376749865321351241e-01,0.000000000000000000e+00
8.395740675808577302e-01,0.000000000000000000e+00
8.365118732538422419e-01,0.000000000000000000e+00
8.335076427445775593e-01,0.000000000000000000e+00
8.307340424179505689e-01,0.000000000000000000e+00
8.293854310376584937e-01,0.000000000000000000e+00
8.299371709830989374e-01,0.000000000000000000e+00
8.262601161991683929e-01,0.000000000000000000e+00
8.244435363813966688e-01,0.000000000000000000e+00
8.235474539011371498e-01,4.023663314892510501e-01
8.330550888109862218e-01,0.000000000000000000e+00
8.379602049347878445e-01,0.000000000000000000e+00
8.390348300037184792e-01,0.000000000000000000e+00
8.396244262000213121e-01,0.000000000000000000e+00
8.399454528041189194e-01,0.000000000000000000e+00
8.401191104073992832e-01,0.000000000000000000e+00
8.391261889092636039e-01,0.000000000000000000e+00
8.423999569149875910e-01,0.000000000000000000e+00
8.441237766334206416e-01,0.000000000000000000e+00
8.492443433716762025e-01,0.000000000000000000e+00
8.517582919105650685e-01,0.000000000000000000e+00
8.520041883892647272e-01,0.000000000000000000e+00
8.522587254513915855e-01,0.000000000000000000e+00
8.487747048294032037e-01,0.000000000000000000e+00
8.424294768529348998e-01,0.000000000000000000e+00
8.407215224679820409e-01,0.000000000000000000e+00
8.398283409060119942e-01,0.000000000000000000e+00
8.348602814998302701e-01,0.000000000000000000e+00
8.369356309630753277e-01,0.000000000000000000e+00
8.334254043833617676e-01,0.000000000000000000e+00
8.317111761359324840e-01,0.000000000000000000e+00
8.308757287184487250e-01,0.000000000000000000e+00
8.304691264344152835e-01,0.000000000000000000e+00
8.302714533477690839e-01,0.000000000000000000e+00
8.316207556207538820e-01,0.000000000000000000e+00
8.322189499552529179e-01,0.000000000000000000e+00
8.324801310723863867e-01,0.000000000000000000e+00
8.325918376502751128e-01,0.000000000000000000e+00
8.326382682486304088e-01,0.000000000000000000e+00
8.295110424331887389e-01,0.000000000000000000e+00
8.279306865390625436e-01,0.000000000000000000e+00
8.271329473780326680e-01,0.000000000000000000e+00
8.279169327565738534e-01,0.000000000000000000e+00
8.225385437259619126e-01,-4.141189305143239685e-01
8.342791066533279398e-01,0.000000000000000000e+00
8.360529004811751985e-01,0.000000000000000000e+00
8.369376798495175018e-01,0.000000000000000000e+00
8.373792752021742558e-01,0.000000000000000000e+00
8.375997415948887026e-01,0.000000000000000000e+00
8.377098254450057180e-01,0.000000000000000000e+00
8.377647966815658931e-01,0.000000000000000000e+00
8.377922479081129081e-01,0.000000000000000000e+00
8.378059565422337762e-01,0.000000000000000000e+00
8.378128024132992513e-01,0.000000000000000000e+00
8.421632202794048228e-01,0.000000000000000000e+00
8.429683634383666746e-01,0.000000000000000000e+00
8.476632930420903156e-01,0.000000000000000000e+00
8.499697948255466873e-01,0.000000000000000000e+00
8.498313832043804528e-01,0.000000000000000000e+00
8.498280110218994210e-01,0.000000000000000000e+00
8.509560715168175138e-01,0.000000000000000000e+00
8.489376412276776751e-01,0.000000000000000000e+00
8.479503920133059092e-01,0.000000000000000000e+00
8.434484718216059829e-01,0.000000000000000000e+00
8.412567619333071178e-01,0.000000000000000000e+00
8.414193394390510061e-01,0.000000000000000000e+00
8.414421396659422792e-01,0.000000000000000000e+00
8.452168990866936182e-01,0.000000000000000000e+00
8.437821668118496987e-01,0.000000000000000000e+00
8.428140845658742553e-01,0.000000000000000000e+00
8.382308072132294008e-01,0.000000000000000000e+00
8.371445064971827499e-01,0.000000000000000000e+00
8.365257184979958405e-01,0.000000000000000000e+00
8.361786694872304082e-01,0.000000000000000000e+00
8.359863867382768543e-01,0.000000000000000000e+00
8.346655435458452121e-01,0.000000000000000000e+00
8.352910567406905962e-01,0.000000000000000000e+00
8.343476088222255838e-01,0.000000000000000000e+00
8.351474224645609734e-01,0.000000000000000000e+00
8.354994690886641262e-01,0.000000000000000000e+00
8.317198033635707644e-01,0.000000000000000000e+00
8.310765690869694744e-01,0.000000000000000000e+00
8.307044128650273862e-01,0.000000000000000000e+00
8.304931558576601480e-01,0.000000000000000000e+00
8.264882928048544741e-01,0.000000000000000000e+00
8.218844112427310389e-01,4.251934352945105355e-01
8.352681600815879959e-01,0.000000000000000000e+00
8.377683905189313718e-01,0.000000000000000000e+00
8.390304388466451879e-01,0.000000000000000000e+00
8.396679433550262583e-01,0.000000000000000000e+00
8.399900686048413778e-01,0.000000000000000000e+00
8.388244705402023715e-01,0.000000000000000000e+00
8.424698042111983254e-01,0.000000000000000000e+00
8.429487443052368079e-01,0.000000000000000000e+00
8.443257591557860042e-01,0.000000000000000000e+00
8.493083280972413274e-01,0.000000000000000000e+00
8.517720491781122227e-01,0.000000000000000000e+00
8.516472505300989315e-01,0.000000000000000000e+00
8.490801048532131690e-01,0.000000000000000000e+00
8.469674122872903332e-01,0.000000000000000000e+00
8.429332134401983367e-01,0.000000000000000000e+00
8.452732491987411390e-01,0.000000000000000000e+00
8.434110030105812505e-01,0.000000000000000000e+00
8.379706087957699001e-01,0.000000000000000000e+00
8.210540066793836633e-01,-4.339597242525684018e-01
8.355831266638213961e-01,0.000000000000000000e+00
8.470533204464221200e-01,0.000000000000000000e+00
8.522980589785411620e-01,0.000000000000000000e+00
8.508238636193854454e-01,0.000000000000000000e+00
8.460185786650725737e-01,0.000000000000000000e+00
8.436469350337977291e-01,0.000000000000000000e+00
8.424787937779032454e-01,0.000000000000000000e+00
8.419040846273551093e-01,0.000000000000000000e+00
8.388571971923058923e-01,0.000000000000000000e+00
8.373192945712686353e-01,0.000000000000000000e+00
8.365439160355471193e-01,0.000000000000000000e+00
8.322236578601280854e-01,0.000000000000000000e+00
8.301145622600790697e-01,0.000000000000000000e+00
8.327995920522486273e-01,0.000000000000000000e+00
8.321233683542497150e-01,0.000000000000000000e+00
8.314799476970293757e-01,0.000000000000000000e+00
8.310065169609435198e-01,0.000000000000000000e+00
8.268078599008220619e-01,0.000000000000000000e+00
8.247234644909604562e-01,0.000000000000000000e+00
8.236903223468576840e-01,4.003988430466832171e-01
8.358895047776661036e-01,0.000000000000000000e+00
8.422309880010812044e-01,0.000000000000000000e+00
8.453510201182874439e-01,0.000000000000000000e+00
8.497661061861171428e-01,0.000000000000000000e+00
8.519742663739500177e-01,0.000000000000000000e+00
8.432295038973248724e-01,0.000000000000000000e+00
8.471545394205344248e-01,0.000000000000000000e+00
8.490472214731190626e-01,0.000000000000000000e+00
8.499602885459853763e-01,0.000000000000000000e+00
8.504005749980464435e-01,0.000000000000000000e+00
8.506126880984432592e-01,0.000000000000000000e+00
8.507147524674365524e-01,0.000000000000000000e+00
8.507637944139850861e-01,0.000000000000000000e+00
8.507873218854202779e-01,0.000000000000000000e+00
8.465096878029703120e-01,0.000000000000000000e+00
8.457975592180179136e-01,0.000000000000000000e+00
8.453959454313330069e-01,0.000000000000000000e+00
8.451724056335909729e-01,0.000000000000000000e+00
8.450492849197220879e-01,0.000000000000000000e+00
8.458537310493398076e-01,0.000000000000000000e+00
8.411003626170865388e-01,0.000000000000000000e+00
8.401269070069449230e-01,0.000000000000000000e+00
8.395661831540773834e-01,0.000000000000000000e+00
8.347459725671859676e-01,0.000000000000000000e+00
8.323727637588658190e-01,0.000000000000000000e+00
8.326500941862617911e-01,0.000000000000000000e+00
8.281043220670867289e-01,0.000000000000000000e+00
8.258566500905756280e-01,0.000000000000000000e+00
8.214874662546658435e-01,-4.284974423903469276e-01
8.325858049583971798e-01,0.000000000000000000e+00
8.366410616953724455e-01,0.000000000000000000e+00
8.358647041387692322e-01,0.000000000000000000e+00
8.429200320667452617e-01,0.000000000000000000e+00
8.464375187241350851e-01,0.000000000000000000e+00
8.481953818428769054e-01,0.000000000000000000e+00
8.477990342199845930e-01,0.000000000000000000e+00
8.518532303402288619e-01,0.000000000000000000e+00
8.510906322172357985e-01,0.000000000000000000e+00
8.460947268802848642e-01,0.000000000000000000e+00
8.436560394193495238e-01,0.000000000000000000e+00
8.424688091456866701e-01,0.000000000000000000e+00
8.431112086444019216e-01,0.000000000000000000e+00
8.433652599643541858e-01,0.000000000000000000e+00
8.394790463497224797e-01,0.000000000000000000e+00
8.417708358472454355e-01,0.000000000000000000e+00
8.392780680008582461e-01,0.000000000000000000e+00
8.389814565016200376e-01,0.000000000000000000e+00
8.386297286555777220e-01,0.000000000000000000e+00
8.383527036920601638e-01,0.000000000000000000e+00
8.342297985443885011e-01,0.000000000000000000e+00
8.321975078804346726e-01,0.000000000000000000e+00
8.311975415572226966e-01,0.000000000000000000e+00
8.307060227401488195e-01,0.000000000000000000e+00
8.304645801841005204e-01,0.000000000000000000e+00
8.303460348522924139e-01,0.000000000000000000e+00
8.302878529278070463e-01,0.000000000000000000e+00
8.302593072753219339e-01,0.000000000000000000e+00
8.354052909854258191e-01,0.000000000000000000e+00
8.299970957954572182e-01,0.000000000000000000e+00
8.285197125899033121e-01,0.000000000000000000e+00
8.238884853709776968e-01,0.000000000000000000e+00
8.178082968348926451e-01,4.812241493062265896e-01
8.297393635725581751e-01,0.000000000000000000e+00
8.351011093130205065e-01,0.000000000000000000e+00
8.377426474741938023e-01,0.000000000000000000e+00
8.390463184105513283e-01,0.000000000000000000e+00
8.383609720694994438e-01,0.000000000000000000e+00
8.380890178706813520e-01,0.000000000000000000e+00
8.379885587703839178e-01,0.000000000000000000e+00
8.421120053193151822e-01,0.000000000000000000e+00
8.426869863740743538e-01,0.000000000000000000e+00
8.428527106891576803e-01,0.000000000000000000e+00
8.472982422129295976e-01,0.000000000000000000e+00
8.495345805821824525e-01,0.000000000000000000e+00
8.506612026803619386e-01,0.000000000000000000e+00
8.495051759196488028e-01,0.000000000000000000e+00
8.485154667231791237e-01,0.000000000000000000e+00
8.436185978986400213e-01,0.000000000000000000e+00
8.426029268477750467e-01,0.000000000000000000e+00
8.375744206954454096e-01,0.000000000000000000e+00
8.350870121224871490e-01,0.000000000000000000e+00
8.336535396439499479e-01,0.000000000000000000e+00
8.329855810030079022e-01,0.000000000000000000e+00
8.341790046608534848e-01,0.000000000000000000e+00
8.347416905838034307e-01,0.000000000000000000e+00
8.304260189825957150e-01,0.000000000000000000e+00
8.283185017990103427e-01,0.000000000000000000e+00
8.272917429063937345e-01,0.000000000000000000e+00
8.267922920858747915e-01,0.000000000000000000e+00
8.265496295522944958e-01,0.000000000000000000e+00
8.264318516417830107e-01,0.000000000000000000e+00
8.278517065491806104e-01,0.000000000000000000e+00
8.237844200196111633e-01,0.000000000000000000e+00
8.217738422710961776e-01,-4.251124814661970119e-01
8.352007721466104817e-01,0.000000000000000000e+00
8.377018609968818197e-01,0.000000000000000000e+00
8.355069512961804667e-01,0.000000000000000000e+00
8.374005242794557713e-01,0.000000000000000000e+00
8.372356107982942275e-01,0.000000000000000000e+00
8.416855086761241278e-01,0.000000000000000000e+00
8.439410944265534065e-01,0.000000000000000000e+00
8.450858071432880703e-01,0.000000000000000000e+00
8.456670489179349826e-01,0.000000000000000000e+00
8.459622275759058896e-01,0.000000000000000000e+00
8.417847637627076107e-01,0.000000000000000000e+00
8.397466644595442675e-01,0.000000000000000000e+00
8.387547650607429794e-01,0.000000000000000000e+00
8.382728421595452284e-01,0.000000000000000000e+00
8.423848986721661491e-01,0.000000000000000000e+00
8.473226787999972309e-01,0.000000000000000000e+00
8.497748529434966391e-01,0.000000000000000000e+00
8.509947332692635591e-01,0.000000000000000000e+00
8.516021031316677314e-01,0.000000000000000000e+00
8.489693807202833842e-01,0.000000000000000000e+00
8.480764678174608218e-01,0.000000000000000000e+00
8.475862061975798500e-01,0.000000000000000000e+00
8.432984399320598845e-01,0.000000000000000000e+00
8.411980792630209258e-01,0.000000000000000000e+00
8.401714597942028240e-01,0.000000000000000000e+00
8.396703497664413929e-01,0.000000000000000000e+00
8.394259882394774497e-01,0.000000000000000000e+00
8.438776321337222441e-01,0.000000000000000000e+00
8.431138716015253998e-01,0.000000000000000000e+00
8.424805901343852543e-01,0.000000000000000000e+00
8.380637079689836622e-01,0.000000000000000000e+00
8.358467867557540787e-01,0.000000000000000000e+00
8.347358029089759768e-01,0.000000000000000000e+00
8.341794808404962014e-01,0.000000000000000000e+00
8.339010130394876041e-01,0.000000000000000000e+00
8.337616529800964127e-01,0.000000000000000000e+00
8.336919167396507069e-01,0.000000000000000000e+00
8.336570222599648528e-01,0.000000000000000000e+00
8.336395622906080938e-01,0.000000000000000000e+00
8.336308260604325948e-01,0.000000000000000000e+00
8.321102254854537694e-01,0.000000000000000000e+00
8.300562571061869122e-01,0.000000000000000000e+00
8.290574450094118086e-01,0.000000000000000000e+00
8.297790238193726298e-01,0.000000000000000000e+00
8.261835706221181130e-01,0.000000000000000000e+00
8.244066016378398531e-01,0.000000000000000000e+00
8.196932850307823148e-01,4.549822943870746594e-01
8.333124414717042461e-01,0.000000000000000000e+00
8.356243088475039382e-01,0.000000000000000000e+00
8.367854502841771680e-01,0.000000000000000000e+00
8.401787605690580474e-01,0.000000000000000000e+00
8.418920104745110100e-01,0.000000000000000000e+00
8.427578795859882455e-01,0.000000000000000000e+00
8.455984307500586938e-01,0.000000000000000000e+00
8.471694929267330476e-01,0.000000000000000000e+00
8.523817316938473443e-01,0.000000000000000000e+00
8.499973969026337617e-01,0.000000000000000000e+00
8.486789790534077227e-01,0.000000000000000000e+00
8.450564524683945589e-01,0.000000000000000000e+00
8.432254052479569717e-01,0.000000000000000000e+00
8.392699051588368153e-01,0.000000000000000000e+00
8.417116914874135380e-01,0.000000000000000000e+00
8.338600019181157119e-01,0.000000000000000000e+00
8.314738301104382945e-01,0.000000000000000000e+00
8.255585161308666153e-01,0.000000000000000000e+00
8.273452211781764376e-01,0.000000000000000000e+00
8.281959263392992820e-01,0.000000000000000000e+00
8.286003244861511741e-01,0.000000000000000000e+00
8.287921379181301118e-01,0.000000000000000000e+00
8.241863743242896501e-01,0.000000000000000000e+00
8.219399725083778030e-01,-4.228875614173719377e-01
8.352372921489360502e-01,0.000000000000000000e+00
8.377078237859653109e-01,0.000000000000000000e+00
8.389457447666786027e-01,0.000000000000000000e+00
8.438819625364575305e-01,0.000000000000000000e+00
8.462845972154521279e-01,0.000000000000000000e+00
8.474555048604441865e-01,0.000000000000000000e+00
8.480263009068427227e-01,0.000000000000000000e+00
8.483044943907083191e-01,0.000000000000000000e+00
8.441701708145826766e-01,0.000000000000000000e+00
8.447563078592339458e-01,0.000000000000000000e+00
8.452795669517594312e-01,0.000000000000000000e+00
8.456568282498720945e-01,0.000000000000000000e+00
8.459034639772919917e-01,0.000000000000000000e+00
8.502678910831508174e-01,0.000000000000000000e+00
8.524011232343844391e-01,0.000000000000000000e+00
8.515285796788967243e-01,0.000000000000000000e+00
8.497598061409074033e-01,0.000000000000000000e+00
8.479641913523841001e-01,0.000000000000000000e+00
8.470904278081742289e-01,0.000000000000000000e+00
8.466659266467047029e-01,0.000000000000000000e+00
8.506705908229994506e-01,0.000000000000000000e+00
8.513419456087685244e-01,0.000000000000000000e+00
8.517254085739984770e-01,0.000000000000000000e+00
8.489342932849661683e-01,0.000000000000000000e+00
8.468357552720777726e-01,0.000000000000000000e+00
8.417962174062870728e-01,0.000000000000000000e+00
8.393395375076346809e-01,0.000000000000000000e+00
8.393801341283455564e-01,0.000000000000000000e+00
8.393436249440160424e-01,0.000000000000000000e+00
8.392970511259119082e-01,0.000000000000000000e+00
8.392596386950603726e-01,0.000000000000000000e+00
8.352611458874542594e-01,0.000000000000000000e+00
8.333117949538266789e-01,0.000000000000000000e+00
8.353602687785500747e-01,0.000000000000000000e+00
8.337851093875441322e-01,0.000000000000000000e+00
8.340371702159926626e-01,0.000000000000000000e+00
8.339957436842468930e-01,0.000000000000000000e+00
8.338917315866050117e-01,0.000000000000000000e+00
8.337982137723001230e-01,0.000000000000000000e+00
8.337307531758113566e-01,0.000000000000000000e+00
8.336866963285572973e-01,0.000000000000000000e+00
8.324358733210366346e-01,0.000000000000000000e+00
8.318816085094732360e-01,0.000000000000000000e+00
8.356290438902589379e-01,0.000000000000000000e+00
8.374552572735756151e-01,0.000000000000000000e+00
8.368051983359353629e-01,0.000000000000000000e+00
8.312444353201843272e-01,0.000000000000000000e+00
8.285355153591458244e-01,0.000000000000000000e+00
8.284329338711584612e-01,0.000000000000000000e+00
8.283281547156845503e-01,0.000000000000000000e+00
8.243657060742417553e-01,0.000000000000000000e+00
8.224232990822883949e-01,4.174740834357500430e-01
8.342705514678541157e-01,0.000000000000000000e+00
8.360868037762039240e-01,0.000000000000000000e+00
8.370086509266073671e-01,0.000000000000000000e+00
8.374767027356908589e-01,0.000000000000000000e+00
8.405231964739751094e-01,0.000000000000000000e+00
8.420638820691427329e-01,0.000000000000000000e+00
8.428437053432137338e-01,0.000000000000000000e+00
8.456413888517683164e-01,0.000000000000000000e+00
8.471909750545554285e-01,0.000000000000000000e+00
8.523924304474388425e-01,0.000000000000000000e+00
8.499920595597553197e-01,0.000000000000000000e+00
8.486763095038686311e-01,0.000000000000000000e+00
8.450551144773522649e-01,0.000000000000000000e+00
8.432247357634975460e-01,0.000000000000000000e+00
8.392695695338499018e-01,0.000000000000000000e+00
8.372709299641205583e-01,0.000000000000000000e+00
8.316882729326322554e-01,0.000000000000000000e+00
8.289468728063567049e-01,0.000000000000000000e+00
8.243808714993878795e-01,0.000000000000000000e+00
8.268045970605093498e-01,0.000000000000000000e+00
8.279492832613271069e-01,0.000000000000000000e+00
8.284887329056217498e-01,0.000000000000000000e+00
8.287421801050730563e-01,0.000000000000000000e+00
8.241641495083301683e-01,0.000000000000000000e+00
8.219302754316847315e-01,-4.230182730046465056e-01
8.352348575312916745e-01,0.000000000000000000e+00
8.377071672858927842e-01,0.000000000000000000e+00
8.389456958629610828e-01,0.000000000000000000e+00
8.438820795634562888e-01,0.000000000000000000e+00
8.462847259703802916e-01,0.000000000000000000e+00
8.474556043073689926e-01,0.000000000000000000e+00
8.480263681785703556e-01,0.000000000000000000e+00
8.440198261966952442e-01,0.000000000000000000e+00
8.446809732143905070e-01,0.000000000000000000e+00
8.452418259884209029e-01,0.000000000000000000e+00
8.456379207724220581e-01,0.000000000000000000e+00
8.458939911711711446e-01,0.000000000000000000e+00
8.460511174745604102e-01,0.000000000000000000e+00
8.503561455657159263e-01,0.000000000000000000e+00
8.524525006460831333e-01,0.000000000000000000e+00
8.514994035659477767e-01,0.000000000000000000e+00
8.510082032890518011e-01,0.000000000000000000e+00
8.500184307158841213e-01,0.000000000000000000e+00
8.480916175011410374e-01,0.000000000000000000e+00
8.471531315848894739e-01,0.000000000000000000e+00
8.496313344224200037e-01,0.000000000000000000e+00
8.508935945952007529e-01,0.000000000000000000e+00
8.515368177813421591e-01,0.000000000000000000e+00
8.490092708959278145e-01,0.000000000000000000e+00
8.468644390639408215e-01,0.000000000000000000e+00
8.430341192188904875e-01,0.000000000000000000e+00
8.411147995511364384e-01,0.000000000000000000e+00
8.401543594518835478e-01,0.000000000000000000e+00
8.396740751988713836e-01,0.000000000000000000e+00
8.394339823881402651e-01,0.000000000000000000e+00
8.353416854700023153e-01,0.000000000000000000e+00
8.333486398705071130e-01,0.000000000000000000e+00
8.323803443202364427e-01,0.000000000000000000e+00
8.348595195774584088e-01,0.000000000000000000e+00
8.347601068104224531e-01,0.000000000000000000e+00
8.344495889042957693e-01,0.000000000000000000e+00
8.341646799868124296e-01,0.000000000000000000e+00
8.339576355950464315e-01,0.000000000000000000e+00
8.338219087643647942e-01,0.000000000000000000e+00
8.337379827920611275e-01,0.000000000000000000e+00
8.336880072111231277e-01,0.000000000000000000e+00
8.336590221540175483e-01,0.000000000000000000e+00
8.336425354130414522e-01,0.000000000000000000e+00
8.336332971150016702e-01,0.000000000000000000e+00
8.336281815802895068e-01,0.000000000000000000e+00
8.336253761550127539e-01,0.000000000000000000e+00
8.309046354740868834e-01,0.000000000000000000e+00
8.295266792054428739e-01,0.000000000000000000e+00
8.288295350816993201e-01,0.000000000000000000e+00
8.245948972591716775e-01,0.000000000000000000e+00
8.225268362042932324e-01,4.160656118950949445e-01
8.342985589731232166e-01,0.000000000000000000e+00
8.360958935877395026e-01,0.000000000000000000e+00
8.370107475838960420e-01,0.000000000000000000e+00
8.374765280589415717e-01,0.000000000000000000e+00
8.418707981264482720e-01,0.000000000000000000e+00
8.426615548385175680e-01,0.000000000000000000e+00
8.431046423768964182e-01,0.000000000000000000e+00
8.416174681962745874e-01,0.000000000000000000e+00
8.466013465894992596e-01,0.000000000000000000e+00
8.491460719378298716e-01,0.000000000000000000e+00
8.516470917844167765e-01,0.000000000000000000e+00
8.495234210490554272e-01,0.000000000000000000e+00
8.484461160276378644e-01,0.000000000000000000e+00
8.449418211339094764e-01,0.000000000000000000e+00
8.387111392369057672e-01,0.000000000000000000e+00
8.370724615886665498e-01,0.000000000000000000e+00
8.362037093832724866e-01,0.000000000000000000e+00
8.311679656047996634e-01,0.000000000000000000e+00
8.286941342841023239e-01,0.000000000000000000e+00
8.289563976731205708e-01,0.000000000000000000e+00
8.275494465785879772e-01,0.000000000000000000e+00
8.283660544490235589e-01,0.000000000000000000e+00
8.287193143433330134e-01,0.000000000000000000e+00
8.288685698823393677e-01,0.000000000000000000e+00
8.289295501616933404e-01,0.000000000000000000e+00
8.242570281006542654e-01,0.000000000000000000e+00
8.219762018524001679e-01,-4.223910339453155749e-01
8.352494300349021517e-01,0.000000000000000000e+00
8.377133736488666660e-01,0.000000000000000000e+00
8.389482638498801936e-01,0.000000000000000000e+00
8.395676779097306364e-01,0.000000000000000000e+00
8.441925510970917923e-01,0.000000000000000000e+00
8.464400580872692981e-01,0.000000000000000000e+00
8.444601388576123968e-01,0.000000000000000000e+00
8.448264084260876938e-01,0.000000000000000000e+00
8.452769084390542309e-01,0.000000000000000000e+00
8.456365695536728344e-01,0.000000000000000000e+00
8.458838427740845711e-01,0.000000000000000000e+00
8.460412954092231264e-01,0.000000000000000000e+00
8.461369723238751916e-01,0.000000000000000000e+00
8.461933062959936525e-01,0.000000000000000000e+00
8.462257308630467545e-01,0.000000000000000000e+00
8.462440767640204697e-01,0.000000000000000000e+00
8.462543189102302854e-01,0.000000000000000000e+00
8.462599757666039446e-01,0.000000000000000000e+00
8.419363506567845157e-01,0.000000000000000000e+00
8.471027878222604501e-01,0.000000000000000000e+00
8.496668257704158567e-01,0.000000000000000000e+00
8.509416123644358843e-01,0.000000000000000000e+00
8.492943782812312215e-01,0.000000000000000000e+00
8.470023813141471791e-01,0.000000000000000000e+00
8.431008898990643985e-01,0.000000000000000000e+00
8.411470167089236671e-01,0.000000000000000000e+00
8.401698680418422382e-01,0.000000000000000000e+00
8.396815259740313397e-01,0.000000000000000000e+00
8.394375553263326850e-01,0.000000000000000000e+00
8.393156910818089234e-01,0.000000000000000000e+00
8.392548246380100441e-01,0.000000000000000000e+00
8.385826723480056533e-01,0.000000000000000000e+00
8.366183109251950079e-01,0.000000000000000000e+00
8.353770826739872479e-01,0.000000000000000000e+00
8.346275865767499580e-01,0.000000000000000000e+00
8.341886460922365298e-01,0.000000000000000000e+00
8.339371837020658207e-01,0.000000000000000000e+00
8.337955021371101783e-01,0.000000000000000000e+00
8.337167069288775600e-01,0.000000000000000000e+00
8.336733417913044786e-01,0.000000000000000000e+00
8.336496800628240278e-01,0.000000000000000000e+00
8.336368618457868918e-01,0.000000000000000000e+00
8.376233589442499960e-01,0.000000000000000000e+00
8.355645579981587634e-01,0.000000000000000000e+00
8.385527909872501073e-01,0.000000000000000000e+00
8.345009234331425274e-01,0.000000000000000000e+00
8.312171768299437824e-01,0.000000000000000000e+00
8.296198441388509259e-01,0.000000000000000000e+00
8.288445027861139902e-01,0.000000000000000000e+00
8.257840356076023847e-01,0.000000000000000000e+00
8.242411592510502372e-01,0.000000000000000000e+00
8.234641938910882697e-01,4.034926566449110741e-01
8.317180552818627115e-01,0.000000000000000000e+00
8.360471636772357495e-01,0.000000000000000000e+00
8.381952577448013031e-01,0.000000000000000000e+00
8.392627095164627571e-01,0.000000000000000000e+00
8.384644957825018174e-01,0.000000000000000000e+00
8.367309194219971769e-01,0.000000000000000000e+00
8.412814451666251747e-01,0.000000000000000000e+00
8.436029455723513815e-01,0.000000000000000000e+00
8.490042460020813531e-01,0.000000000000000000e+00
8.503001099482319081e-01,0.000000000000000000e+00
8.510006130836544891e-01,0.000000000000000000e+00
8.513772759464015571e-01,0.000000000000000000e+00
8.505205441891980911e-01,0.000000000000000000e+00
8.446011154034703816e-01,0.000000000000000000e+00
8.430817419524661016e-01,0.000000000000000000e+00
8.422714052117651340e-01,0.000000000000000000e+00
8.373768228207173481e-01,0.000000000000000000e+00
8.319854467850605895e-01,0.000000000000000000e+00
8.324598213198231011e-01,0.000000000000000000e+00
8.326297874110937247e-01,0.000000000000000000e+00
8.326812628821190776e-01,0.000000000000000000e+00
8.326902739838392131e-01,0.000000000000000000e+00
8.326864249688165076e-01,0.000000000000000000e+00
8.341215609899246264e-01,0.000000000000000000e+00
8.347587901359188045e-01,0.000000000000000000e+00
8.350376034326443264e-01,0.000000000000000000e+00
8.305776639853479359e-01,0.000000000000000000e+00
8.283960198009853171e-01,0.000000000000000000e+00
8.288062942378937592e-01,0.000000000000000000e+00
8.242507084483465807e-01,0.000000000000000000e+00
8.220009592594691439e-01,-4.220157262317897340e-01
8.318303304728963399e-01,0.000000000000000000e+00
8.355620903943629108e-01,0.000000000000000000e+00
8.363139665070764561e-01,0.000000000000000000e+00
8.382147506110546598e-01,0.000000000000000000e+00
8.421922443406233416e-01,0.000000000000000000e+00
8.442034663977131537e-01,0.000000000000000000e+00
8.408904506815002566e-01,0.000000000000000000e+00
8.406264947849823033e-01,0.000000000000000000e+00
8.404518941151308820e-01,0.000000000000000000e+00
8.403432457406569966e-01,0.000000000000000000e+00
8.389444300378822161e-01,0.000000000000000000e+00
8.409831999564321148e-01,0.000000000000000000e+00
8.392200713018664882e-01,0.000000000000000000e+00
8.427710793384134424e-01,0.000000000000000000e+00
8.474718320319598597e-01,0.000000000000000000e+00
8.498277844400159431e-01,0.000000000000000000e+00
8.510104341934776606e-01,0.000000000000000000e+00
8.516045766813696849e-01,0.000000000000000000e+00
8.489709281110964234e-01,0.000000000000000000e+00
8.480785652127998953e-01,0.000000000000000000e+00
8.475879154169864149e-01,0.000000000000000000e+00
8.473204547849310098e-01,0.000000000000000000e+00
8.431544388751371910e-01,0.000000000000000000e+00
8.411206250801936957e-01,0.000000000000000000e+00
8.401300382842933345e-01,0.000000000000000000e+00
8.430296081163699551e-01,0.000000000000000000e+00
8.415379327676442145e-01,0.000000000000000000e+00
8.418060075903381900e-01,0.000000000000000000e+00
8.417578942073813408e-01,0.000000000000000000e+00
8.416432795251209686e-01,0.000000000000000000e+00
8.375648997592570755e-01,0.000000000000000000e+00
8.355575374429988766e-01,0.000000000000000000e+00
8.345713549906565998e-01,0.000000000000000000e+00
8.340873855257464609e-01,0.000000000000000000e+00
8.378424555711048161e-01,0.000000000000000000e+00
8.396557211040645008e-01,0.000000000000000000e+00
8.405317602030825119e-01,0.000000000000000000e+00
8.409548644344145840e-01,0.000000000000000000e+00
8.395991886670668425e-01,0.000000000000000000e+00
8.336997092588311897e-01,0.000000000000000000e+00
8.308246182680739667e-01,0.000000000000000000e+00
8.294279138281039909e-01,0.000000000000000000e+00
8.299569524275357546e-01,0.000000000000000000e+00
8.262693318680702781e-01,0.000000000000000000e+00
8.244477966068451957e-01,0.000000000000000000e+00
8.235494081087290086e-01,4.023396415150602423e-01
8.358425036553187581e-01,0.000000000000000000e+00
8.380404399089651513e-01,0.000000000000000000e+00
8.391590700067842468e-01,0.000000000000000000e+00
8.397286017374162581e-01,0.000000000000000000e+00
8.400185781568607624e-01,0.000000000000000000e+00
8.390645514385965953e-01,0.000000000000000000e+00
8.423692023208981805e-01,0.000000000000000000e+00
8.441084108123325658e-01,0.000000000000000000e+00
8.492366944643934268e-01,0.000000000000000000e+00
8.517544748995193871e-01,0.000000000000000000e+00
8.520060914325778834e-01,0.000000000000000000e+00
8.522577711989736127e-01,0.000000000000000000e+00
8.487751819665244613e-01,0.000000000000000000e+00
8.481837871674082763e-01,0.000000000000000000e+00
8.434684733444025584e-01,0.000000000000000000e+00
8.411342426519450299e-01,0.000000000000000000e+00
8.369167355313079648e-01,0.000000000000000000e+00
8.378675833595041755e-01,0.000000000000000000e+00
8.338465597157890263e-01,0.000000000000000000e+00
8.318987502880742513e-01,0.000000000000000000e+00
8.324015090691794239e-01,0.000000000000000000e+00
8.325931617609905189e-01,0.000000000000000000e+00
8.326592190971925378e-01,0.000000000000000000e+00
8.326773881047235815e-01,0.000000000000000000e+00
8.326790507176049516e-01,0.000000000000000000e+00
8.326761741667532135e-01,0.000000000000000000e+00
8.326728833366354721e-01,0.000000000000000000e+00
8.341115418123636882e-01,0.000000000000000000e+00
8.301696790348568333e-01,0.000000000000000000e+00
8.282202078184486282e-01,0.000000000000000000e+00
8.272576367728574631e-01,0.000000000000000000e+00
8.232743282625629710e-01,-4.038941989787308007e-01
8.359359394271109744e-01,0.000000000000000000e+00
8.381683806680830795e-01,0.000000000000000000e+00
8.392317357413224821e-01,0.000000000000000000e+00
8.397374658104403977e-01,0.000000000000000000e+00
8.386431121408065570e-01,0.000000000000000000e+00
8.394988769797289141e-01,0.000000000000000000e+00
8.398859849689457313e-01,0.000000000000000000e+00
8.400592134521402965e-01,0.000000000000000000e+00
8.401356661388998948e-01,0.000000000000000000e+00
8.401688057987687364e-01,0.000000000000000000e+00
8.401828279192387061e-01,0.000000000000000000e+00
8.431945545054052582e-01,0.000000000000000000e+00
8.447144938413925219e-01,0.000000000000000000e+00
8.496971555125344411e-01,0.000000000000000000e+00
8.508544464512813876e-01,0.000000000000000000e+00
8.514811885185828988e-01,0.000000000000000000e+00
8.518187438757872654e-01,0.000000000000000000e+00
8.488758785225403170e-01,0.000000000000000000e+00
8.468007700048099107e-01,0.000000000000000000e+00
8.470274539941866632e-01,0.000000000000000000e+00
8.470793158810173695e-01,0.000000000000000000e+00
8.430526218801888128e-01,0.000000000000000000e+00
8.410792696896142173e-01,0.000000000000000000e+00
8.401141706980307378e-01,0.000000000000000000e+00
8.430147480043149733e-01,0.000000000000000000e+00
8.415305115328632901e-01,0.000000000000000000e+00
8.418023085078756296e-01,0.000000000000000000e+00
8.417560494308593544e-01,0.000000000000000000e+00
8.416423593463397967e-01,0.000000000000000000e+00
8.375644388352437852e-01,0.000000000000000000e+00
8.355573070271998803e-01,0.000000000000000000e+00
8.345712399195388542e-01,0.000000000000000000e+00
8.380786846786094646e-01,0.000000000000000000e+00
8.397712294946979572e-01,0.000000000000000000e+00
8.405882706090460621e-01,0.000000000000000000e+00
8.409825125697151238e-01,0.000000000000000000e+00
8.477010407400396019e-01,0.000000000000000000e+00
8.442852410626693338e-01,0.000000000000000000e+00
8.357185466128287388e-01,0.000000000000000000e+00
8.316652283788910083e-01,0.000000000000000000e+00
8.297624641224444764e-01,0.000000000000000000e+00
8.288749509487609579e-01,0.000000000000000000e+00
8.257789980171212907e-01,0.000000000000000000e+00
8.242284765215112108e-01,0.000000000000000000e+00
8.234527719442261695e-01,4.036549226991703043e-01
8.358176984374985352e-01,0.000000000000000000e+00
8.380332763626483494e-01,0.000000000000000000e+00
8.391580959195638068e-01,0.000000000000000000e+00
8.397294165811568512e-01,0.000000000000000000e+00
8.400196364053911235e-01,0.000000000000000000e+00
8.377357996777562432e-01,0.000000000000000000e+00
8.417823310089240785e-01,0.000000000000000000e+00
8.438530821517900016e-01,0.000000000000000000e+00
8.491287331591489407e-01,0.000000000000000000e+00
8.517101033204200755e-01,0.000000000000000000e+00
8.516299671877922695e-01,0.000000000000000000e+00
8.490818318402321152e-01,0.000000000000000000e+00
8.469648749823820433e-01,0.000000000000000000e+00
8.515305064548873704e-01,0.000000000000000000e+00
8.450956228579236118e-01,0.000000000000000000e+00
8.419221709469466575e-01,0.000000000000000000e+00
8.372984721423659682e-01,0.000000000000000000e+00
8.380513051621554244e-01,0.000000000000000000e+00
8.339353614355481392e-01,0.000000000000000000e+00
8.319415146647796133e-01,0.000000000000000000e+00
8.324220038102342345e-01,0.000000000000000000e+00
8.326029702617978590e-01,0.000000000000000000e+00
8.326639050070795411e-01,0.000000000000000000e+00
8.326796221541793441e-01,0.000000000000000000e+00
8.326801133635596264e-01,0.000000000000000000e+00
8.326766783256087656e-01,0.000000000000000000e+00
8.341143527363010790e-01,0.000000000000000000e+00
8.301715402189578930e-01,0.000000000000000000e+00
8.282213662569194446e-01,0.000000000000000000e+00
8.272583297605362596e-01,0.000000000000000000e+00
8.232745109277395112e-01,-4.038916962931557997e-01
8.359359984361980356e-01,0.000000000000000000e+00
8.381684064462697759e-01,0.000000000000000000e+00
8.392317467873997572e-01,0.000000000000000000e+00
8.397374704153747205e-01,0.000000000000000000e+00
8.429841335627534793e-01,0.000000000000000000e+00
8.446152426415685088e-01,0.000000000000000000e+00
8.411052326059391682e-01,0.000000000000000000e+00
8.407380233053187712e-01,0.000000000000000000e+00
8.405097278608535394e-01,0.000000000000000000e+00
8.403731981115931671e-01,0.000000000000000000e+00
8.389599484772185534e-01,0.000000000000000000e+00
8.383210148348523294e-01,0.000000000000000000e+00
8.423812102335979102e-01,0.000000000000000000e+00
8.473069393831750284e-01,0.000000000000000000e+00
8.497600706533052772e-01,0.000000000000000000e+00
8.509838869270103245e-01,0.000000000000000000e+00
8.515949497196355633e-01,0.000000000000000000e+00
8.489738122314631763e-01,0.000000000000000000e+00
8.468435490737564741e-01,0.000000000000000000e+00
8.470456653686410098e-01,0.000000000000000000e+00
8.470868412161713934e-01,0.000000000000000000e+00
8.430556225474654664e-01,0.000000000000000000e+00
8.410803831700237598e-01,0.000000000000000000e+00
8.401145329676863449e-01,0.000000000000000000e+00
8.396428613411806019e-01,0.000000000000000000e+00
8.439926748613651997e-01,0.000000000000000000e+00
8.431712613581570093e-01,0.000000000000000000e+00
8.425092247672621992e-01,0.000000000000000000e+00
8.420531794216021826e-01,0.000000000000000000e+00
8.377875531259766362e-01,0.000000000000000000e+00
8.356775508656294482e-01,0.000000000000000000e+00
8.346356553431153458e-01,0.000000000000000000e+00
8.341216669188367128e-01,0.000000000000000000e+00
8.338682472739773477e-01,0.000000000000000000e+00
8.298161339274130466e-01,0.000000000000000000e+00
8.357813782282668136e-01,0.000000000000000000e+00
8.361912982982457887e-01,0.000000000000000000e+00
8.361973995839482310e-01,0.000000000000000000e+00
8.321568315634825241e-01,0.000000000000000000e+00
8.301348066359259814e-01,0.000000000000000000e+00
8.291243653181734619e-01,0.000000000000000000e+00
8.298263011139730416e-01,0.000000000000000000e+00
8.262141040741137754e-01,0.000000000000000000e+00
8.244253078106190680e-01,0.000000000000000000e+00
8.235407395831783051e-01,4.024561933343684395e-01
8.358409701009035242e-01,0.000000000000000000e+00
8.380404991343813892e-01,0.000000000000000000e+00
8.391595113448291343e-01,0.000000000000000000e+00
8.397290281112670396e-01,0.000000000000000000e+00
8.400188942160755623e-01,0.000000000000000000e+00
8.390645628679738177e-01,0.000000000000000000e+00
8.423692080236149238e-01,0.000000000000000000e+00
8.441084136615382150e-01,0.000000000000000000e+00
8.450222299744724053e-01,0.000000000000000000e+00
8.497142064235598813e-01,0.000000000000000000e+00
8.520039902429714651e-01,0.000000000000000000e+00
8.517779223351051865e-01,0.000000000000000000e+00
8.490074901468912527e-01,0.000000000000000000e+00
8.439408474246069547e-01,0.000000000000000000e+00
8.414004303419041486e-01,0.000000000000000000e+00
8.401289532484611522e-01,0.000000000000000000e+00
8.349920282987268738e-01,0.000000000000000000e+00
8.339182011083163815e-01,0.000000000000000000e+00
8.304528098649244239e-01,0.000000000000000000e+00
8.302913183277383924e-01,0.000000000000000000e+00
8.316447546770394661e-01,0.000000000000000000e+00
8.322379567121989119e-01,0.000000000000000000e+00
8.324931318851360729e-01,0.000000000000000000e+00
8.326000849575487806e-01,0.000000000000000000e+00
8.326432646663985970e-01,0.000000000000000000e+00
8.326597123678567414e-01,0.000000000000000000e+00
8.326653674524109316e-01,0.000000000000000000e+00
8.341081500809659488e-01,0.000000000000000000e+00
8.301681535170200021e-01,0.000000000000000000e+00
8.282195323425909361e-01,0.000000000000000000e+00
8.272573431341145866e-01,0.000000000000000000e+00
8.232741165921346749e-01,-4.038970888030526951e-01
8.359358709164845802e-01,0.000000000000000000e+00
8.381683507155583968e-01,0.000000000000000000e+00
8.392317228930724626e-01,0.000000000000000000e+00
8.440525926629764975e-01,0.000000000000000000e+00
8.450807162225377756e-01,0.000000000000000000e+00
8.413051957382529089e-01,0.000000000000000000e+00
8.394877285976597436e-01,0.000000000000000000e+00
8.399508300036682140e-01,0.000000000000000000e+00
8.486400431173913850e-01,0.000000000000000000e+00
8.443408410540126363e-01,0.000000000000000000e+00
8.408963158004167937e-01,0.000000000000000000e+00
8.302223932032382070e-01,0.000000000000000000e+00
8.384608252265604023e-01,0.000000000000000000e+00
8.454105405217561264e-01,0.000000000000000000e+00
8.488408823220477961e-01,0.000000000000000000e+00
8.505381075015316927e-01,0.000000000000000000e+00
8.513788072084306213e-01,0.000000000000000000e+00
8.490772827531161138e-01,0.000000000000000000e+00
8.481290158517320599e-01,0.000000000000000000e+00
8.476117708882333623e-01,0.000000000000000000e+00
8.473316965629806852e-01,0.000000000000000000e+00
8.431597446558468656e-01,0.000000000000000000e+00
8.411231135692822658e-01,0.000000000000000000e+00
8.401311988228927774e-01,0.000000000000000000e+00
8.396488399085421106e-01,0.000000000000000000e+00
8.427707880807254748e-01,0.000000000000000000e+00
8.426364160700151595e-01,0.000000000000000000e+00
8.422794625493186249e-01,0.000000000000000000e+00
8.419570376217465624e-01,0.000000000000000000e+00
