0.000000000000000000e+00,-1.500000000000000000e+00
-1.000000000000000000e+00,5.000000000000000000e-01
-1.000000000000000000e+00,5.000000000000000000e-01
-1.000000000000000000e+00,5.000000000000000000e-01
-1.000000000000000000e+00,5.000000000000000000e-01
-1.000000000000000000e+00,5.000000000000000000e-01
-1.000000000000000000e+00,5.000000000000000000e-01
-1.000000000000000000e+00,5.000000000000000000e-01
-1.000000000000000000e+00,5.000000000000000000e-01
-1.000000000000000000e+00,5.000000000000000000e-01
-1.000000000000000000e+00,5.000000000000000000e-01
0.000000000000000000e+00,-1.500000000000000000e+00
0.000000000000000000e+00,-1.500000000000000000e+00
0.000000000000000000e+00,-1.500000000000000000e+00
0.000000000000000000e+00,-1.500000000000000000e+00
0.000000000000000000e+00,-1.500000000000000000e+00
5.190646866491614997e-01,4.523364329790991789e+00
5.547062997613644297e-01,4.033717870849073961e+00
5.861314172240216225e-01,3.649454578824128603e+00
6.161462297047713976e-01,3.281997097083496406e+00
6.452849751935908484e-01,2.899093416437696025e+00
6.741615516632292193e-01,2.495253351957165133e+00
7.032914117702409040e-01,2.076785534391035526e+00
7.325722877920761711e-01,1.655818507066137535e+00
7.613001003523423016e-01,1.247155154490690032e+00
7.884674742884628662e-01,8.658775090290036225e-01
8.130386392677082519e-01,5.254815121331807282e-01
8.341286982550489837e-01,0.000000000000000000e+00
8.450328481698539118e-01,0.000000000000000000e+00
8.477522886092203613e-01,0.000000000000000000e+00
8.374767616207552390e-01,0.000000000000000000e+00
6.694008535691111650e-01,-2.618111683135125656e+00
6.664126000265752081e-01,-2.202604727943737739e+00
7.151520497047711977e-01,-1.993273622573803250e+00
6.804694522237492160e-01,-1.890850490639293113e+00
6.945560024716135317e-01,-1.964702378819056072e+00
6.946388200310984473e-01,-2.145772085629683801e+00
7.012645033848662335e-01,-1.975767439857781582e+00
7.071052271827237279e-01,-1.779440905502461812e+00
7.106153112171359476e-01,-1.578425779046770616e+00
7.110938912813971058e-01,-1.384352262846678672e+00
7.022184358894777434e-01,-1.724834262731969492e+00
6.991683800103070112e-01,-2.016519230572473731e+00
7.032936143578791821e-01,-1.618696149046845001e+00
7.045290347373369677e-01,-1.821497318452397041e+00
6.964471525713724631e-01,-1.895710876336098138e+00
7.474390671550055210e-01,-1.272821050636357088e+00
7.369581013271114811e-01,-9.086965681765470926e-01
7.605609918675161341e-01,-6.475239824208044448e-01
7.716479905527318106e-01,-4.626938372931792554e-01
9.087335966143260668e-01,-1.304184949187927600e+00
8.864873594321731609e-01,-1.463330036075832119e+00
8.672838485557305965e-01,-1.570517774991146309e+00
8.771821333745806193e-01,-9.647914550825372748e-01
8.801017095558156811e-01,0.000000000000000000e+00
8.639658075288213501e-01,0.000000000000000000e+00
8.643081236415179891e-01,9.167835070198204761e-01
7.822170589359073167e-01,1.393595533382891993e+00
6.494893946657986916e-01,4.000517938222212244e+00
7.101862004175957255e-01,2.915083132445848602e+00
7.450291991876154540e-01,2.147095729553975207e+00
7.620074790087273398e-01,1.604298366582414870e+00
7.664073206003547689e-01,1.221457929715878299e+00
8.606002771132048590e-01,9.065077811153560150e-01
8.375097735664739362e-01,7.824372704322909433e-01
8.100556720231194552e-01,7.165233667440622511e-01
8.582782858956268246e-01,7.271024493873714523e-01
7.928246384805009983e-01,1.078021337029694271e+00
7.343298968465522547e-01,1.395330999131409566e+00
7.687600582311451269e-01,1.435148363358095924e+00
7.289032672961183179e-01,1.474177011852531471e+00
7.504059844455479578e-01,1.615001078681346902e+00
7.090075401754808437e-01,1.711199504575231067e+00
7.323767812499076824e-01,1.835750361438692080e+00
6.816179873585591631e-01,2.230176403914267080e+00
6.899082185164011616e-01,1.677699924087282746e+00
7.419668077751935265e-01,1.275566307771925922e+00
7.779582320227851344e-01,9.902244272887514853e-01
7.505798494467341708e-01,7.846574949178627412e-01
7.337287247703894177e-01,-1.379120224167973641e+00
7.570158028919569126e-01,-1.419398538607009375e+00
7.550016785486726167e-01,-1.601758387138052520e+00
6.872429953129239877e-01,-1.778116042800982566e+00
6.667055155632828356e-01,-2.117948222632720867e+00
6.446393180708887005e-01,-2.494346725435582446e+00
6.314683551612938484e-01,-2.844041739870851515e+00
6.659903656344963174e-01,-2.401190974091073738e+00
6.162133426442283346e-01,-2.629135483442809118e+00
5.218599684510384362e-01,-4.115558108643549318e+00
5.906266451149427832e-01,-3.476825573880252929e+00
5.877413848836825494e-01,-3.053540213047149621e+00
7.506722587162446558e-01,-1.182132526570529141e+00
7.623167113835849218e-01,-9.925476301056173067e-01
7.641983250449013720e-01,-8.585332459670452776e-01
7.583328695947654241e-01,-7.575632365827350556e-01
6.840236360171896290e-01,-2.267215023007706609e+00
7.567299640071788458e-01,-1.275094782201863897e+00
8.149142615556649316e-01,-4.872288990628187433e-01
8.486304019168390278e-01,0.000000000000000000e+00
8.267496972446498615e-01,0.000000000000000000e+00
8.108410352091623974e-01,5.813165615128293995e-01
8.139679854577531737e-01,5.393265678825110987e-01
8.238461489968624818e-01,4.012870852062049298e-01
8.347341511248940193e-01,0.000000000000000000e+00
8.334082197722713081e-01,0.000000000000000000e+00
8.289740783953176706e-01,0.000000000000000000e+00
8.278701085421296124e-01,0.000000000000000000e+00
8.235576091410377053e-01,4.048547686283641145e-01
8.357293048121466894e-01,0.000000000000000000e+00
8.298758010763324089e-01,0.000000000000000000e+00
8.280868794642066710e-01,0.000000000000000000e+00
8.271297545680647012e-01,0.000000000000000000e+00
8.239559979854276239e-01,0.000000000000000000e+00
8.186056798208952712e-01,4.722883558156996120e-01
8.325863248229223856e-01,0.000000000000000000e+00
8.348409967526020381e-01,0.000000000000000000e+00
8.347047173430575118e-01,0.000000000000000000e+00
8.307375684185791531e-01,0.000000000000000000e+00
8.288383865667686701e-01,0.000000000000000000e+00
8.279327006994665616e-01,0.000000000000000000e+00
8.275021878263888464e-01,0.000000000000000000e+00
8.290905314709264839e-01,0.000000000000000000e+00
8.283278330694778813e-01,0.000000000000000000e+00
8.278341625388784264e-01,0.000000000000000000e+00
8.262836759266305453e-01,0.000000000000000000e+00
8.295289754814803018e-01,0.000000000000000000e+00
8.311135299267963239e-01,0.000000000000000000e+00
8.318877772017707617e-01,0.000000000000000000e+00
8.322661360919224594e-01,0.000000000000000000e+00
8.324509955428207597e-01,0.000000000000000000e+00
8.325412813418086033e-01,0.000000000000000000e+00
8.325853566799477079e-01,0.000000000000000000e+00
8.313476121660092755e-01,0.000000000000000000e+00
8.322659674878951641e-01,0.000000000000000000e+00
8.382982970294634573e-01,0.000000000000000000e+00
8.215015626952302252e-01,4.274650377415067926e-01
8.325251815845124970e-01,0.000000000000000000e+00
8.351131076861948443e-01,0.000000000000000000e+00
8.377031176897882236e-01,0.000000000000000000e+00
8.252196873611485906e-01,0.000000000000000000e+00
8.210880660607599024e-01,4.248213915967837817e-01
8.366546704605903884e-01,0.000000000000000000e+00
8.439195248683553086e-01,0.000000000000000000e+00
8.419018959618267406e-01,0.000000000000000000e+00
8.498531967933170561e-01,0.000000000000000000e+00
8.466167266180515405e-01,0.000000000000000000e+00
8.390287112641431344e-01,0.000000000000000000e+00
8.434468893918829480e-01,0.000000000000000000e+00
8.434468893918825039e-01,0.000000000000000000e+00
7.929642347588011786e-01,-8.109628385641012294e-01
8.137345416298482625e-01,-5.234571143051975906e-01
8.319602540849948547e-01,0.000000000000000000e+00
8.399644334404715584e-01,0.000000000000000000e+00
8.479933969445412334e-01,0.000000000000000000e+00
8.483013549194268199e-01,0.000000000000000000e+00
8.406340434247471238e-01,0.000000000000000000e+00
8.329826118890393261e-01,0.000000000000000000e+00
8.253464835420389889e-01,0.000000000000000000e+00
8.177256943585933247e-01,4.865576856234857250e-01
8.225683382352567685e-01,4.183973699875110364e-01
8.283997685172241887e-01,0.000000000000000000e+00
8.259018694448055919e-01,0.000000000000000000e+00
8.234057548910900248e-01,4.048536988814590010e-01
8.055091629416255561e-01,-6.424806243064188349e-01
8.221201449095293379e-01,-4.128511031425082800e-01
8.366664285437792614e-01,0.000000000000000000e+00
8.431309232923738239e-01,0.000000000000000000e+00
8.496093003941371791e-01,0.000000000000000000e+00
8.484958131386459712e-01,0.000000000000000000e+00
8.422603513662703101e-01,0.000000000000000000e+00
8.360348626481296508e-01,0.000000000000000000e+00
8.298191847415479216e-01,0.000000000000000000e+00
8.236134202443208263e-01,4.041638952969079934e-01
6.999714791262136027e-01,-1.861360466041610984e+00
7.379774165967073474e-01,-1.758191790264104437e+00
6.937799483674542689e-01,-1.733613280538246482e+00
6.974863303602046871e-01,-1.883195715701434514e+00
6.872651163301713995e-01,-2.135110874922674817e+00
6.723106723828375930e-01,-2.443070764400046890e+00
6.178309507235134612e-01,-2.640638712091020412e+00
6.237164279651632448e-01,-2.871437080258624430e+00
5.958222606026173374e-01,-2.931573217130741593e+00
6.010340616019311799e-01,-2.852067294284081456e+00
6.317700758624098523e-01,-2.690690218625301888e+00
7.037602820660535663e-01,-1.917433411469909421e+00
6.850272986224560379e-01,-1.589226143393904334e+00
7.029866077706710126e-01,-1.348685699082248890e+00
7.100485292220387601e-01,-1.177845000169304823e+00
7.461903996541896511e-01,-1.047254411838958621e+00
7.912383711206039116e-01,-8.544881591757593764e-01
8.036540428407573655e-01,-6.783103371226244516e-01
8.163084730988829918e-01,-5.000773279944445981e-01
8.282949381686823820e-01,0.000000000000000000e+00
8.303992086040430376e-01,0.000000000000000000e+00
8.325049400173274439e-01,0.000000000000000000e+00
8.346120805005992072e-01,0.000000000000000000e+00
8.367205805737858437e-01,0.000000000000000000e+00
8.388303932671263841e-01,0.000000000000000000e+00
8.409414742024654554e-01,0.000000000000000000e+00
8.430537816733310041e-01,0.000000000000000000e+00
8.451672767236175776e-01,0.000000000000000000e+00
8.472819232247623678e-01,0.000000000000000000e+00
8.493976879512827871e-01,0.000000000000000000e+00
8.515145406544845086e-01,0.000000000000000000e+00
8.513218761751133457e-01,0.000000000000000000e+00
8.492320833189566098e-01,0.000000000000000000e+00
8.471433080868731036e-01,0.000000000000000000e+00
8.450555560022701140e-01,0.000000000000000000e+00
8.089048727546339634e-01,6.016938534426644614e-01
7.871819332690848103e-01,8.848427591432488359e-01
8.112557341762548502e-01,5.515979425770834998e-01
8.321082693028934996e-01,0.000000000000000000e+00
8.422430457864887865e-01,0.000000000000000000e+00
8.512675348564673339e-01,0.000000000000000000e+00
8.416601215788898083e-01,0.000000000000000000e+00
8.344029475779954907e-01,0.000000000000000000e+00
8.344029475779973781e-01,0.000000000000000000e+00
8.344029475779951577e-01,0.000000000000000000e+00
8.344029475779963789e-01,0.000000000000000000e+00
8.344029475779978222e-01,0.000000000000000000e+00
8.344029475779959348e-01,0.000000000000000000e+00
8.344029475779956018e-01,0.000000000000000000e+00
8.344029475779951577e-01,0.000000000000000000e+00
7.814779093616956995e-01,-9.692474539979527570e-01
7.396279027296048802e-01,-1.502894215775150588e+00
7.808948053022362057e-01,-9.333962284606330817e-01
8.166690876924976861e-01,-4.458742823252107024e-01
8.460977163047289640e-01,0.000000000000000000e+00
8.343795898434409608e-01,0.000000000000000000e+00
8.258698912868023267e-01,0.000000000000000000e+00
8.006823866867689432e-01,7.210547189738658602e-01
7.837014733966886082e-01,9.618217316511369352e-01
7.944938575175610751e-01,8.081590569278152003e-01
8.114318060358705065e-01,5.702727140127463734e-01
8.297876383080362572e-01,0.000000000000000000e+00
8.320329993082670184e-01,0.000000000000000000e+00
8.332569864434470341e-01,0.000000000000000000e+00
8.339199668659159626e-01,0.000000000000000000e+00
8.342770574461553235e-01,0.000000000000000000e+00
8.385794820590517507e-01,0.000000000000000000e+00
8.365716139369123727e-01,0.000000000000000000e+00
8.375255582995195791e-01,0.000000000000000000e+00
8.387779442752884007e-01,0.000000000000000000e+00
8.394761545054797436e-01,0.000000000000000000e+00
8.440228856760206844e-01,0.000000000000000000e+00
8.462485558296782839e-01,0.000000000000000000e+00
8.515590211870271986e-01,0.000000000000000000e+00
8.522049034881336027e-01,0.000000000000000000e+00
8.515474095706985214e-01,0.000000000000000000e+00
8.482785854302722361e-01,0.000000000000000000e+00
8.466164163956937383e-01,0.000000000000000000e+00
8.457723344301638635e-01,0.000000000000000000e+00
8.409515805008185296e-01,0.000000000000000000e+00
8.354974745620108445e-01,0.000000000000000000e+00
8.351997847775903816e-01,0.000000000000000000e+00
8.338473465214147895e-01,0.000000000000000000e+00
8.432907648867624673e-01,0.000000000000000000e+00
8.422821813436786043e-01,0.000000000000000000e+00
8.506320807263546557e-01,0.000000000000000000e+00
8.513169772286102166e-01,0.000000000000000000e+00
8.524163567171880729e-01,0.000000000000000000e+00
8.502678015403796197e-01,0.000000000000000000e+00
8.447734545702392239e-01,0.000000000000000000e+00
8.479184228765748177e-01,0.000000000000000000e+00
8.510659383130753097e-01,0.000000000000000000e+00
8.506848018406327760e-01,0.000000000000000000e+00
8.475966305313855642e-01,0.000000000000000000e+00
